3.585185110569000244e-01
3.412666022777557373e-01
3.130443394184112549e-01
2.934928238391876221e-01
2.788757979869842529e-01
2.565830945968627930e-01
2.331928461790084839e-01
2.201549708843231201e-01
2.074973136186599731e-01
1.971967518329620361e-01
1.818154305219650269e-01
1.697371006011962891e-01
1.534417122602462769e-01
1.386997699737548828e-01
1.309440881013870239e-01
1.261090189218521118e-01
1.149458512663841248e-01
1.067934706807136536e-01
1.017855256795883179e-01
9.158224612474441528e-02
8.239211142063140869e-02
7.580689340829849243e-02
7.124058902263641357e-02
6.833990663290023804e-02
6.209874153137207031e-02
5.393875762820243835e-02
5.212578549981117249e-02
4.819802194833755493e-02
4.487667605280876160e-02
4.347359761595726013e-02
3.874052315950393677e-02
3.598229214549064636e-02
3.653815016150474548e-02
3.317937999963760376e-02
3.043995611369609833e-02
2.574536576867103577e-02
2.695520594716072083e-02
2.394929155707359314e-02
2.252705208957195282e-02
2.371728979051113129e-02
2.114368416368961334e-02
2.192904055118560791e-02
2.169710770249366760e-02
2.021467871963977814e-02
1.822279207408428192e-02
1.669617183506488800e-02
1.827144436538219452e-02
1.702750846743583679e-02
1.637416705489158630e-02
1.672075875103473663e-02
1.586836948990821838e-02
1.390375476330518723e-02
1.403787638992071152e-02
1.381905563175678253e-02
1.321659050881862640e-02
1.365283969789743423e-02
1.391075085848569870e-02
1.118217315524816513e-02
1.287070102989673615e-02
1.235720980912446976e-02
1.276375912129878998e-02
1.261020451784133911e-02
1.267017889767885208e-02
1.169871445745229721e-02
1.149720884859561920e-02
1.244997233152389526e-02
1.095317024737596512e-02
1.202631276100873947e-02
1.033298019319772720e-02
1.072758343070745468e-02
1.037634816020727158e-02
1.015469245612621307e-02
9.335725568234920502e-03
9.254811331629753113e-03
1.040160469710826874e-02
1.010700501501560211e-02
8.716732263565063477e-03
8.931592106819152832e-03
8.600292727351188660e-03
8.877987042069435120e-03
1.034642569720745087e-02
8.998220786452293396e-03
8.957770653069019318e-03
8.211919106543064117e-03
8.421584032475948334e-03
8.148268796503543854e-03
8.820361457765102386e-03
8.167525753378868103e-03
7.369133643805980682e-03
8.182217366993427277e-03
7.106116972863674164e-03
7.091693580150604248e-03
6.587480660527944565e-03
7.695056963711977005e-03
7.480495143681764603e-03
6.920517887920141220e-03
6.787538062781095505e-03
6.969345267862081528e-03
6.811837200075387955e-03
6.765305995941162109e-03
6.879339460283517838e-03
6.122918333858251572e-03
6.579697597771883011e-03
5.694058258086442947e-03
6.383556406944990158e-03
6.264998577535152435e-03
5.667512305080890656e-03
6.749982479959726334e-03
5.478354636579751968e-03
5.913913715630769730e-03
6.120988633483648300e-03
6.042719818651676178e-03
5.384494550526142120e-03
4.936105571687221527e-03
4.909312818199396133e-03
5.379959009587764740e-03
5.161384586244821548e-03
4.755280446261167526e-03
5.937767215073108673e-03
5.745752714574337006e-03
5.052193533629179001e-03
4.902476910501718521e-03
4.702430684119462967e-03
4.498851951211690903e-03
5.229912232607603073e-03
4.604693036526441574e-03
4.881456959992647171e-03
4.206844605505466461e-03
4.036691039800643921e-03
4.860553890466690063e-03
4.188950639218091965e-03
4.551626741886138916e-03
5.260732490569353104e-03
4.126397427171468735e-03
4.962175153195858002e-03
3.817665623500943184e-03
4.017565865069627762e-03
4.168246407061815262e-03
4.030214156955480576e-03
3.501760307699441910e-03
4.000053741037845612e-03
4.418225958943367004e-03
3.904851386323571205e-03
3.760282648727297783e-03
4.372812807559967041e-03
3.455727826803922653e-03
4.721359349787235260e-03
3.704898525029420853e-03
3.348070662468671799e-03
4.667443688958883286e-03
3.900631796568632126e-03
3.633623942732810974e-03
4.159804899245500565e-03
3.688781056553125381e-03
3.522882238030433655e-03
4.079232458025217056e-03
3.375931410118937492e-03
3.789677051827311516e-03
4.166014026850461960e-03
3.288526786491274834e-03
4.122260492295026779e-03
3.580875229090452194e-03
3.264960367232561111e-03
3.210350172594189644e-03
3.889444982632994652e-03
3.243518527597188950e-03
3.861382603645324707e-03
3.289854153990745544e-03
2.798231318593025208e-03
2.955220639705657959e-03
3.152963006868958473e-03
2.662235638126730919e-03
3.261229023337364197e-03
3.043805714696645737e-03
3.063367912545800209e-03
4.148969892412424088e-03
3.143399953842163086e-03
2.934098942205309868e-03
2.859953558072447777e-03
3.171356162056326866e-03
3.453540150076150894e-03
2.450166735798120499e-03
2.836385974660515785e-03
2.704597543925046921e-03
3.038435010239481926e-03
2.323815366253256798e-03
2.666404470801353455e-03
2.579969121143221855e-03
2.658795565366744995e-03
2.592559438198804855e-03
2.887768205255270004e-03
2.371505601331591606e-03
2.338398015126585960e-03
2.305951667949557304e-03
2.420279663056135178e-03
3.163966117426753044e-03
3.836112096905708313e-03
2.679537981748580933e-03
2.530073281377553940e-03
2.491908380761742592e-03
3.301143180578947067e-03
2.547112526372075081e-03
3.248302964493632317e-03
2.570295007899403572e-03
2.878671512007713318e-03
2.409552456811070442e-03
2.517924178391695023e-03
2.965893829241394997e-03
2.357032848522067070e-03
3.395570907741785049e-03
2.626573201268911362e-03
3.011124907061457634e-03
2.534470753744244576e-03
2.370564267039299011e-03
2.276971936225891113e-03
2.273692050948739052e-03
3.381890011951327324e-03
2.342659747228026390e-03
2.630574861541390419e-03
2.287846058607101440e-03
2.450036350637674332e-03
2.381935715675354004e-03
2.415327820926904678e-03
2.335262252017855644e-03
2.419958123937249184e-03
2.234966261312365532e-03
2.631981158629059792e-03
2.423105295747518539e-03
2.389454981312155724e-03
2.000254578888416290e-03
2.970150904729962349e-03
1.906063174828886986e-03
1.765974913723766804e-03
2.489908365532755852e-03
2.355535980314016342e-03
3.452106146141886711e-03
2.463824581354856491e-03
2.001255284994840622e-03
2.474873559549450874e-03
2.217976842075586319e-03
2.095271367579698563e-03
1.967358868569135666e-03
1.991183264181017876e-03
2.056124154478311539e-03
2.473650965839624405e-03
1.886505517177283764e-03
2.099683042615652084e-03
1.739020575769245625e-03
1.784412306733429432e-03
2.188107464462518692e-03
2.061533741652965546e-03
1.984820934012532234e-03
1.926574041135609150e-03
1.771037117578089237e-03
2.769000595435500145e-03
2.113047521561384201e-03
2.028881106525659561e-03
2.186049707233905792e-03
1.970613375306129456e-03
1.816690666601061821e-03
2.253474900498986244e-03
1.955259125679731369e-03
1.822206540964543819e-03
1.854620059020817280e-03
1.781251514330506325e-03
2.617856953293085098e-03
1.928846933878958225e-03
2.071575494483113289e-03
2.146001206710934639e-03
1.818710123188793659e-03
1.991619123145937920e-03
2.324497094377875328e-03
2.100693760439753532e-03
1.584829180501401424e-03
2.133562928065657616e-03
2.569440053775906563e-03
2.067697700113058090e-03
1.954391365870833397e-03
2.396942814812064171e-03
1.801958074793219566e-03
2.080706413835287094e-03
1.935382606461644173e-03
2.120168646797537804e-03
2.606386318802833557e-03
1.877958653494715691e-03
1.838077791035175323e-03
1.795499352738261223e-03
1.637427252717316151e-03
1.564690028317272663e-03
2.662153216078877449e-03
1.767540699802339077e-03
2.174923429265618324e-03
1.686059520579874516e-03
1.668362179771065712e-03
2.044200431555509567e-03
2.076508477330207825e-03
2.307113958522677422e-03
1.556496485136449337e-03
1.695461221970617771e-03
1.572991488501429558e-03
1.746749156154692173e-03
1.695109414868056774e-03
2.657443983480334282e-03
2.722936449572443962e-03
1.353763276711106300e-03
1.607025857083499432e-03
1.503157196566462517e-03
2.518216846510767937e-03
1.600165967829525471e-03
3.955397289246320724e-03
1.844193087890744209e-03
2.041869563981890678e-03
1.794049167074263096e-03
1.469642156735062599e-03
1.620048540644347668e-03
1.810440793633460999e-03
2.314446493983268738e-03
2.272147452458739281e-03
1.732992590405046940e-03
1.448093797080218792e-03
1.531729358248412609e-03
1.899441354908049107e-03
1.468826667405664921e-03
1.425600261427462101e-03
1.725157490000128746e-03
1.608912483789026737e-03
1.898237387649714947e-03
2.213319996371865273e-03
1.581372693181037903e-03
1.989754382520914078e-03
1.433527679182589054e-03
2.266688738018274307e-03
1.400373061187565327e-03
1.336745219305157661e-03
1.331794308498501778e-03
1.585750258527696133e-03
1.665211166255176067e-03
1.642011106014251709e-03
1.440864405594766140e-03
1.663252478465437889e-03
1.477824291214346886e-03
1.460747444070875645e-03
1.459963270463049412e-03
1.294974354095757008e-03
1.540097058750689030e-03
1.499924110248684883e-03
1.537482254207134247e-03
1.697326428256928921e-03
1.284306985326111317e-03
1.534358481876552105e-03
1.240939716808497906e-03
1.257408177480101585e-03
1.251534791663289070e-03
1.218297169543802738e-03
1.280661439523100853e-03
2.176627051085233688e-03
1.890636398456990719e-03
1.548308995552361012e-03
1.509295892901718616e-03
1.254893490113317966e-03
1.487586530856788158e-03
1.276858965866267681e-03
1.269277185201644897e-03
1.529474859125912189e-03
1.436413498595356941e-03
1.319624250754714012e-03
1.557872281409800053e-03
1.841020421124994755e-03
1.677219173870980740e-03
1.343024661764502525e-03
1.523765502497553825e-03
1.613315544091165066e-03
2.186399651691317558e-03
1.636210829019546509e-03
1.647192635573446751e-03
1.382433925755321980e-03
1.801716862246394157e-03
1.749913790263235569e-03
1.556585193611681461e-03
1.606036210432648659e-03
1.658937660977244377e-03
1.336262677796185017e-03
1.350118080154061317e-03
1.527119544334709644e-03
1.413170830346643925e-03
1.707536517642438412e-03
1.367766992188990116e-03
1.062300172634422779e-03
1.349530415609478951e-03
1.941032824106514454e-03
1.396171981468796730e-03
1.384939765557646751e-03
1.414523459970951080e-03
1.367853372357785702e-03
1.502858474850654602e-03
1.417737221345305443e-03
1.704397262074053288e-03
1.652373815886676311e-03
1.785311265848577023e-03
1.427333569154143333e-03
1.183421118184924126e-03
1.364597352221608162e-03
1.279003568924963474e-03
1.640733098611235619e-03
1.591953332535922527e-03
1.515218405984342098e-03
1.175098819658160210e-03
1.647593453526496887e-03
1.532849040813744068e-03
1.177751575596630573e-03
1.370214507915079594e-03
1.485394313931465149e-03
2.544058253988623619e-03
1.828024280257523060e-03
1.435417681932449341e-03
1.258139149285852909e-03
1.340955146588385105e-03
1.261197379790246487e-03
1.644738833419978619e-03
1.548798754811286926e-03
1.576380454935133457e-03
1.074607716873288155e-03
1.043591182678937912e-03
1.397398067638278008e-03
1.356796477921307087e-03
1.746961497701704502e-03
1.836901763454079628e-03
1.785207539796829224e-03
1.324825803749263287e-03
1.383375958539545536e-03
1.305443583987653255e-03
1.643228926695883274e-03
1.651870086789131165e-03
2.242857590317726135e-03
1.182687701657414436e-03
1.219265861436724663e-03
1.236147596500813961e-03
1.551055116578936577e-03
2.793797524645924568e-03
1.965929521247744560e-03
1.321138814091682434e-03
1.399260014295578003e-03
1.834975555539131165e-03
1.516647636890411377e-03
1.917213085107505322e-03
2.029436873272061348e-03
1.284670317545533180e-03
1.240538782440125942e-03
1.722390064969658852e-03
1.703390153124928474e-03
1.756376470439136028e-03
1.143370987847447395e-03
1.287304097786545753e-03
1.470426679588854313e-03
1.785833621397614479e-03
1.420737477019429207e-03
1.263145590201020241e-03
1.364049385301768780e-03
1.565152197144925594e-03
1.570885884575545788e-03
1.241393387317657471e-03
1.399977714754641056e-03
1.228401204571127892e-03
1.126362360082566738e-03
1.596444635652005672e-03
1.365316333249211311e-03
1.771276700310409069e-03
1.627254416234791279e-03
1.351621234789490700e-03
1.193085336126387119e-03
2.049205359071493149e-03
1.244462444446980953e-03
1.269711414352059364e-03
1.386830932460725307e-03
1.139056519605219364e-03
1.041790237650275230e-03
1.194261829368770123e-03
1.139997388236224651e-03
1.303490018472075462e-03
1.389951445162296295e-03
1.016373396851122379e-03
1.376719214022159576e-03
1.284619211219251156e-03
1.371995895169675350e-03
1.212156959809362888e-03
1.047381083481013775e-03
1.036887057125568390e-03
1.325922086834907532e-03
1.357404515147209167e-03
1.223676023073494434e-03
1.562042161822319031e-03
1.248009852133691311e-03
1.255726208910346031e-03
1.273585250601172447e-03
1.007285783998668194e-03
1.095035462640225887e-03
9.444379829801619053e-04
1.470127725042402744e-03
1.424410613253712654e-03
1.279530813917517662e-03
1.238972181454300880e-03
1.284560188651084900e-03
1.153482939116656780e-03
1.308090169914066792e-03
1.274792477488517761e-03
1.416437560692429543e-03
1.156643149442970753e-03
1.262739300727844238e-03
1.316524459980428219e-03
1.114831888116896152e-03
9.079019655473530293e-04
1.196014345623552799e-03
8.729503606446087360e-04
8.269188110716640949e-04
1.215538126416504383e-03
1.211547409184277058e-03
8.621415472589433193e-04
1.084875664673745632e-03
8.648571674712002277e-04
1.113420003093779087e-03
1.099706394597887993e-03
1.526503940112888813e-03
1.230585621669888496e-03
1.420357148163020611e-03
1.030138111673295498e-03
9.468297357670962811e-04
1.220164238475263119e-03
9.105978533625602722e-04
1.132714678533375263e-03
1.124788308516144753e-03
1.950303209014236927e-03
1.050504506565630436e-03
9.710624581202864647e-04
1.338286441750824451e-03
9.493902325630187988e-04
1.173454569652676582e-03
1.203576335683465004e-03
1.118300831876695156e-03
1.493799267336726189e-03
1.037655747495591640e-03
1.125464914366602898e-03
1.282769138924777508e-03
1.384296570904552937e-03
1.094726612791419029e-03
1.372345839627087116e-03
1.195284887216985226e-03
1.005718135274946690e-03
1.044269069097936153e-03
1.175375655293464661e-03
1.336016110144555569e-03
1.254923758096992970e-03
9.708004072308540344e-04
1.234748633578419685e-03
1.181025756523013115e-03
8.946394664235413074e-04
1.346340752206742764e-03
1.282487763091921806e-03
1.216280390508472919e-03
1.084430725313723087e-03
1.100106630474328995e-03
1.516518299467861652e-03
1.243847771547734737e-03
1.047380384989082813e-03
1.342830131761729717e-03
1.303268829360604286e-03
1.183854648843407631e-03
1.343726995401084423e-03
9.857906261458992958e-04
8.794172899797558784e-04
9.948998922482132912e-04
1.284203608520328999e-03
1.045049866661429405e-03
2.572390018031001091e-03
1.704066293314099312e-03
1.252272981218993664e-03
9.131886763498187065e-04
1.214654301293194294e-03
1.569096813909709454e-03
1.193728880025446415e-03
1.258354051969945431e-03
9.902793681249022484e-04
9.566055377945303917e-04
9.326201980002224445e-04
1.344316056929528713e-03
8.137086988426744938e-04
1.080790418200194836e-03
1.024326775223016739e-03
1.126232673414051533e-03
9.952334221452474594e-04
1.174825825728476048e-03
1.023285207338631153e-03
1.165487221442162991e-03
1.127358758822083473e-03
1.164333778433501720e-03
1.239732140675187111e-03
9.797289967536926270e-04
9.493079269304871559e-04
9.318082011304795742e-04
1.052363659255206585e-03
1.114031067118048668e-03
9.788171155378222466e-04
1.035682274959981441e-03
9.464165777899324894e-04
8.290135883726179600e-04
1.048351055942475796e-03
1.167850336059927940e-03
1.106111449189484119e-03
1.030095270834863186e-03
9.954654378816485405e-04
1.470937742851674557e-03
1.013423316180706024e-03
9.333821362815797329e-04
1.108791329897940159e-03
9.787653107196092606e-04
1.173887168988585472e-03
1.279024174436926842e-03
9.726503631100058556e-04
9.312237380072474480e-04
1.416123472154140472e-03
9.109098464250564575e-04
2.452982822433114052e-03
8.586843614466488361e-04
1.180591178126633167e-03
1.377620501443743706e-03
1.022356678731739521e-03
1.144168549217283726e-03
1.191823859699070454e-03
1.190937124192714691e-03
9.776100050657987595e-04
1.247567473910748959e-03
9.310006280429661274e-04
1.338155358098447323e-03
1.269600470550358295e-03
1.015188870951533318e-03
8.126046159304678440e-04
1.053337589837610722e-03
9.272434399463236332e-04
1.032396336086094379e-03
1.261389930732548237e-03
8.884911658242344856e-04
1.049806247465312481e-03
9.175961604341864586e-04
1.215975033119320869e-03
1.004229532554745674e-03
1.231118454597890377e-03
1.211930415593087673e-03
1.387988333590328693e-03
9.476676932536065578e-04
1.096070162020623684e-03
1.050410442985594273e-03
1.123933005146682262e-03
9.519805316813290119e-04
1.333309453912079334e-03
8.853409090079367161e-04
1.064406940713524818e-03
1.035273773595690727e-03
9.433788945898413658e-04
1.199228106997907162e-03
1.423523994162678719e-03
8.805438992567360401e-04
9.475494152866303921e-04
9.079751325771212578e-04
1.084325020201504230e-03
1.163715845905244350e-03
1.270520500838756561e-03
2.154841320589184761e-03
7.959874346852302551e-04
1.038249582052230835e-03
1.162260072305798531e-03
1.369582256302237511e-03
1.239116070792078972e-03
1.337771653197705746e-03
1.002103905193507671e-03
9.519400773569941521e-04
1.170666888356208801e-03
7.500626379624009132e-04
1.181124593131244183e-03
9.748564334586262703e-04
1.325357588939368725e-03
9.733827901072800159e-04
1.057425281032919884e-03
1.123709487728774548e-03
1.281498000025749207e-03
1.280435710214078426e-03
1.227842061780393124e-03
1.369370380416512489e-03
9.977250592783093452e-04
9.138974128291010857e-04
9.908708743751049042e-04
1.033688313327729702e-03
1.037417678162455559e-03
1.191522344015538692e-03
8.858881192281842232e-04
1.458415761590003967e-03
9.633867884986102581e-04
1.187759335152804852e-03
9.719030349515378475e-04
9.629096020944416523e-04
1.344344462268054485e-03
1.049193670041859150e-03
1.648938865400850773e-03
2.411022083833813667e-03
1.357066328637301922e-03
9.702400420792400837e-04
1.520877936854958534e-03
1.117866369895637035e-03
1.032575033605098724e-03
8.892841287888586521e-04
8.925778092816472054e-04
1.160933752544224262e-03
9.728416916914284229e-04
1.437964849174022675e-03
1.108850934542715549e-03
8.594334358349442482e-04
9.718480287119746208e-04
1.026339246891438961e-03
8.723186329007148743e-04
1.115169026888906956e-03
9.628492989577353001e-04
8.335068705491721630e-04
1.172171323560178280e-03
9.292964823544025421e-04
8.019230444915592670e-04
7.730426150374114513e-04
8.944758446887135506e-04
7.437868625856935978e-04
9.808633476495742798e-04
1.137330313213169575e-03
1.299922005273401737e-03
9.199159103445708752e-04
8.461849647574126720e-04
8.499898249283432961e-04
8.226493373513221741e-04
7.653302163816988468e-04
1.071065897122025490e-03
1.260548597201704979e-03
9.450207580812275410e-04
8.025273564271628857e-04
8.986088214442133904e-04
7.244372391141951084e-04
8.200639858841896057e-04
1.039884286001324654e-03
9.773287456482648849e-04
9.300964302383363247e-04
8.511333144269883633e-04
1.189790782518684864e-03
9.254753240384161472e-04
8.922606357373297215e-04
9.405004675500094891e-04
1.019499148242175579e-03
9.804333094507455826e-04
8.391665178351104259e-04
9.466477786190807819e-04
6.759465322829782963e-04
8.064335561357438564e-04
9.862707229331135750e-04
1.269435742869973183e-03
9.577638702467083931e-04
9.082114556804299355e-04
1.284288591705262661e-03
6.382400752045214176e-04
9.321334073320031166e-04
8.985846652649343014e-04
8.880185196176171303e-04
8.121160790324211121e-04
2.437249524518847466e-03
9.337397641502320766e-04
8.931019110605120659e-04
9.625182719901204109e-04
8.570885984227061272e-04
7.501526852138340473e-04
1.122252433560788631e-03
1.058794325217604637e-03
1.061346731148660183e-03
8.139666751958429813e-04
8.526489837095141411e-04
6.877752603031694889e-04
1.201817183755338192e-03
1.610313192941248417e-03
8.405239204876124859e-04
8.411604794673621655e-04
1.006291713565587997e-03
8.228657534345984459e-04
8.535922388546168804e-04
8.422407554462552071e-04
7.764420588500797749e-04
7.332658278755843639e-04
9.392343345098197460e-04
1.091593294404447079e-03
9.333767811767756939e-04
8.990868809632956982e-04
9.304474224336445332e-04
1.357220928184688091e-03
1.079362467862665653e-03
7.290510111488401890e-04
9.087662911042571068e-04
6.784818833693861961e-04
9.878858691081404686e-04
1.146186725236475468e-03
8.893270860426127911e-04
1.148936338722705841e-03
1.319577684625983238e-03
8.163630845956504345e-04
6.737755611538887024e-04
8.344064699485898018e-04
8.289013057947158813e-04
9.729252196848392487e-04
1.032211468555033207e-03
9.913005633279681206e-04
8.072722703218460083e-04
1.106835668906569481e-03
7.286436157301068306e-04
8.046611328609287739e-04
7.646873709745705128e-04
9.831374045461416245e-04
7.432979182340204716e-04
1.771209994331002235e-03
8.870011079125106335e-04
8.490383625030517578e-04
8.016620995476841927e-04
1.018601818941533566e-03
9.908283827826380730e-04
1.312658190727233887e-03
7.863993523642420769e-04
7.848924142308533192e-04
1.037814654409885406e-03
8.815121836960315704e-04
6.693769246339797974e-04
1.052652020007371902e-03
1.010700128972530365e-03
8.932502241805195808e-04
8.455284987576305866e-04
8.556656539440155029e-04
7.536610937677323818e-04
8.754400769248604774e-04
9.271967574022710323e-04
8.753837319090962410e-04
9.584900108166038990e-04
1.320452312938868999e-03
7.402367191389203072e-04
7.450406556017696857e-04
1.150276861153542995e-03
1.133133540861308575e-03
9.724548435769975185e-04
7.226041634567081928e-04
8.564994786866009235e-04
9.573816205374896526e-04
7.447712123394012451e-04
8.496637456119060516e-04
7.840499165467917919e-04
6.660173530690371990e-04
1.205317908897995949e-03
1.174799283035099506e-03
9.691885788924992085e-04
8.849134901538491249e-04
7.615669746883213520e-04
9.760956163518130779e-04
6.303964764811098576e-04
8.145744795911014080e-04
9.395949891768395901e-04
7.971594459377229214e-04
8.534370572306215763e-04
7.530847215093672276e-04
8.176235714927315712e-04
1.025852514430880547e-03
9.351045591756701469e-04
9.066449129022657871e-04
1.236793934367597103e-03
7.682962459512054920e-04
8.386743138544261456e-04
8.722141501493752003e-04
8.993395022116601467e-04
8.296539890579879284e-04
1.094958628527820110e-03
7.942299125716090202e-04
7.969835423864424229e-04
7.544282707385718822e-04
7.311239023692905903e-04
1.297879614867269993e-03
1.014754874631762505e-03
7.718060514889657497e-04
6.683518295176327229e-04
9.008152992464601994e-04
9.902010206133127213e-04
1.028534374199807644e-03
1.018388080410659313e-03
1.060809008777141571e-03
1.059747650288045406e-03
8.300694753415882587e-04
8.390616276301443577e-04
6.700628437101840973e-04
1.006115460768342018e-03
8.089207112789154053e-04
7.198443636298179626e-04
9.987209923565387726e-04
1.043373835273087025e-03
1.004852005280554295e-03
1.121647073887288570e-03
1.023364020511507988e-03
7.860072655603289604e-04
7.627126178704202175e-04
8.607245981693267822e-04
8.841029484756290913e-04
7.237709942273795605e-04
8.946877205744385719e-04
6.136567681096494198e-04
1.194234122522175312e-03
7.293174276128411293e-04
9.109828970395028591e-04
7.696795510128140450e-04
7.367733633145689964e-04
1.087603624910116196e-03
8.446842548437416553e-04
8.271156111732125282e-04
7.795832352712750435e-04
6.813207291997969151e-04
7.473761797882616520e-04
6.411349750123918056e-04
7.355987327173352242e-04
6.480799056589603424e-04
9.345974540337920189e-04
1.003711600787937641e-03
6.898827850818634033e-04
8.519034017808735371e-04
8.070985204540193081e-04
7.879658369347453117e-04
1.106022158637642860e-03
7.962672971189022064e-04
6.940031307749450207e-04
1.273039379157125950e-03
8.508399478159844875e-04
1.106052077375352383e-03
6.991235422901809216e-04
9.736500796861946583e-04
8.385908440686762333e-04
7.976333727128803730e-04
1.047366531565785408e-03
9.300609235651791096e-04
1.696016057394444942e-03
1.283252844586968422e-03
1.146126771345734596e-03
6.953369593247771263e-04
1.085378578864037991e-03
7.593636983074247837e-04
9.221945074386894703e-04
8.409548318013548851e-04
6.343283457681536674e-04
1.013364293612539768e-03
7.545704138465225697e-04
6.945866043679416180e-04
6.955733406357467175e-04
9.536821744404733181e-04
8.666464127600193024e-04
8.283877396024763584e-04
7.594898343086242676e-04
9.326321887783706188e-04
7.387982332147657871e-04
1.235575764440000057e-03
7.542358944192528725e-04
7.385012577287852764e-04
9.028043714351952076e-04
6.358274840749800205e-04
8.290576515719294548e-04
7.788404473103582859e-04
7.670087506994605064e-04
1.723297871649265289e-03
1.888132072053849697e-03
9.587118984200060368e-04
1.089883269742131233e-03
1.078351284377276897e-03
1.015679328702390194e-03
8.210887899622321129e-04
1.553351408801972866e-03
8.861340465955436230e-04
7.728597847744822502e-04
9.693143074400722980e-04
8.333871955983340740e-04
7.481063366867601871e-04
8.030076278373599052e-04
6.914556724950671196e-04
9.399767732247710228e-04
1.431009382940828800e-03
9.072794928215444088e-04
7.377720321528613567e-04
1.076861633919179440e-03
1.278773532249033451e-03
9.574630530551075935e-04
6.589898839592933655e-04
7.058380870148539543e-04
7.074257591739296913e-04
1.247620792128145695e-03
1.343983109109103680e-03
7.972886669449508190e-04
7.674790685996413231e-04
9.864406893029808998e-04
8.350231801159679890e-04
8.218020084314048290e-04
7.293921662494540215e-04
8.676215657033026218e-04
8.091396302916109562e-04
7.077291957102715969e-04
9.294186020269989967e-04
6.928666261956095695e-04
7.681105053052306175e-04
1.084369956515729427e-03
7.602359983138740063e-04
9.039758588187396526e-04
1.195424585603177547e-03
8.892096811905503273e-04
7.281938451342284679e-04
1.479942002333700657e-03
1.011456479318439960e-03
6.645490648224949837e-04
1.077760825864970684e-03
1.454375335015356541e-03
8.069723844528198242e-04
8.660712046548724174e-04
9.356462396681308746e-04
8.098710677586495876e-04
9.243761305697262287e-04
1.116652274504303932e-03
1.897153444588184357e-03
9.647916886024177074e-04
8.541504503227770329e-04
6.457593408413231373e-04
6.578202010132372379e-04
8.693121490068733692e-04
6.413261289708316326e-04
7.253779913298785686e-04
1.025362871587276459e-03
8.062871056608855724e-04
7.371759274974465370e-04
8.030629833228886127e-04
7.336129201576113701e-04
9.446964832022786140e-04
1.008509425446391106e-03
7.305684266611933708e-04
7.256076787598431110e-04
7.210703333839774132e-04
8.531731436960399151e-04
7.942308438941836357e-04
8.255527936853468418e-04
6.095958524383604527e-04
1.003501354716718197e-03
9.382729185745120049e-04
6.060804589651525021e-04
9.734615450724959373e-04
6.604479276575148106e-04
6.820257403887808323e-04
6.391460774466395378e-04
1.900522387586534023e-03
7.971553714014589787e-04
1.161292544566094875e-03
6.880284054204821587e-04
1.156290411017835140e-03
8.408977300859987736e-04
8.050311589613556862e-04
1.051763538271188736e-03
8.755040471442043781e-04
7.839702884666621685e-04
8.052698103711009026e-04
8.193347603082656860e-04
1.437010476365685463e-03
8.238254231400787830e-04
6.292395992204546928e-04
6.739607197232544422e-04
1.017943723127245903e-03
1.382897724397480488e-03
8.613074896857142448e-04
8.803320233710110188e-04
1.036921399645507336e-03
1.046971534378826618e-03
1.130482065491378307e-03
1.370983198285102844e-03
1.159532228484749794e-03
6.487229256890714169e-04
8.074176730588078499e-04
6.290540331974625587e-04
1.290894462727010250e-03
9.726798161864280701e-04
8.630222291685640812e-04
8.817185880616307259e-04
1.015911693684756756e-03
7.094746106304228306e-04
8.323360234498977661e-04
1.106512034311890602e-03
1.015506451949477196e-03
8.123773732222616673e-04
7.081779767759144306e-04
1.993671758100390434e-03
7.557918434031307697e-04
1.043558004312217236e-03
9.112852276302874088e-04
6.698328652419149876e-04
9.469761280342936516e-04
1.080397865734994411e-03
1.338604837656021118e-03
6.769586470909416676e-04
9.992111008614301682e-04
8.817821508273482323e-04
9.047491475939750671e-04
1.004947116598486900e-03
9.760077809914946556e-04
8.698087767697870731e-04
8.205073536373674870e-04
7.933081942610442638e-04
8.240483584813773632e-04
6.229924620129168034e-04
7.393671548925340176e-04
6.875089602544903755e-04
6.531137623824179173e-04
7.464732043445110321e-04
9.837902616709470749e-04
1.055905246175825596e-03
8.422479731962084770e-04
9.877488482743501663e-04
8.846957352943718433e-04
8.606751216575503349e-04
7.950501749292016029e-04
7.891927962191402912e-04
8.459886303171515465e-04
7.087117992341518402e-04
6.708308355882763863e-04
8.614760590717196465e-04
8.528500911779701710e-04
9.540533646941184998e-04
6.542116170749068260e-04
5.528671899810433388e-04
5.961310816928744316e-04
7.307440973818302155e-04
6.398105178959667683e-04
7.504457607865333557e-04
7.723029702901840210e-04
7.284086314029991627e-04
7.345470366999506950e-04
6.393953808583319187e-04
7.742848247289657593e-04
7.413540733978152275e-04
6.345670553855597973e-04
1.352326944470405579e-03
7.926573744043707848e-04
6.575191509909927845e-04
9.368375176563858986e-04
7.909304695203900337e-04
7.258850382640957832e-04
6.455293623730540276e-04
7.427601958625018597e-04
6.152643472887575626e-04
9.181461646221578121e-04
7.019446347840130329e-04
5.701272748410701752e-04
5.919280811212956905e-04
9.391201310791075230e-04
7.160925306379795074e-04
6.369731272570788860e-04
6.959817255847156048e-04
7.479740306735038757e-04
6.515664281323552132e-04
8.211238309741020203e-04
1.065819407813251019e-03
8.056720835156738758e-04
6.601799977943301201e-04
9.270486771129071712e-04
8.698456804268062115e-04
9.950108360499143600e-04
2.734936540946364403e-03
8.372859447263181210e-04
7.244239677675068378e-04
8.618563297204673290e-04
7.454293663613498211e-04
8.515273802913725376e-04
7.545695407316088676e-04
7.394317653961479664e-04
7.115160115063190460e-04
1.179936341941356659e-03
9.065567282959818840e-04
9.063508477993309498e-04
1.353653729893267155e-03
6.236890912987291813e-04
8.217313443310558796e-04
7.349586812779307365e-04
6.437883130274713039e-04
5.905871512368321419e-04
6.552251288667321205e-04
7.909874548204243183e-04
8.057574159465730190e-04
6.728951702825725079e-04
7.797550060786306858e-04
9.984942153096199036e-04
9.960904717445373535e-04
6.098317680880427361e-04
7.854146533645689487e-04
7.646254380233585835e-04
6.547765806317329407e-04
8.659221348352730274e-04
1.359437708742916584e-03
1.053352374583482742e-03
7.814418640919029713e-04
7.398336892947554588e-04
9.609148255549371243e-04
8.659442537464201450e-04
7.143394323065876961e-04
1.671108533628284931e-03
8.516244706697762012e-04
8.982805884443223476e-04
8.443343685939908028e-04
1.052319305017590523e-03
9.053352987393736839e-04
7.155892672017216682e-04
1.221164944581687450e-03
6.902254535816609859e-04
8.793812012299895287e-04
7.231291383504867554e-04
6.796692614443600178e-04
9.081742609851062298e-04
7.487369002774357796e-04
7.968569989316165447e-04
7.460128399543464184e-04
7.096363115124404430e-04
9.599029435776174068e-04
6.820261478424072266e-04
6.046601338312029839e-04
8.185171172954142094e-04
1.057951943948864937e-03
8.153803646564483643e-04
7.775448611937463284e-04
6.402380531653761864e-04
6.314095226116478443e-04
6.678925710730254650e-04
6.509976810775697231e-04
8.133227820508182049e-04
6.094961427152156830e-04
5.843146354891359806e-04
6.663151434622704983e-04
6.979798199608922005e-04
6.382190040312707424e-04
9.510795935057103634e-04
9.229358984157443047e-04
7.532809977419674397e-04
6.938570295460522175e-04
9.386548190377652645e-04
7.603742997162044048e-04
6.627666880376636982e-04
6.873334641568362713e-04
6.104715866968035698e-04
5.853502079844474792e-04
9.460697765462100506e-04
1.289473497308790684e-03
7.159173837862908840e-04
7.509695133194327354e-04
6.886661867611110210e-04
8.552017388865351677e-04
8.077271049842238426e-04
8.893872727639973164e-04
1.055382308550179005e-03
7.404675707221031189e-04
1.005902187898755074e-03
1.008769264444708824e-03
5.169588839635252953e-04
5.725513910874724388e-04
8.890553144738078117e-04
9.351589833386242390e-04
8.885340066626667976e-04
9.690537117421627045e-04
6.522345938719809055e-04
5.114585510455071926e-04
7.447614916600286961e-04
8.283677161671221256e-04
6.872978992760181427e-04
7.852199487388134003e-04
1.040786737576127052e-03
7.411626284010708332e-04
7.812239928171038628e-04
9.287978173233568668e-04
6.502218893729150295e-04
7.568291039206087589e-04
1.290962332859635353e-03
1.913395128212869167e-03
7.650428451597690582e-04
6.743700359947979450e-04
9.048405918292701244e-04
9.781712433323264122e-04
5.789184942841529846e-04
7.754088146612048149e-04
6.777977687306702137e-04
9.208216215483844280e-04
7.459741900674998760e-04
6.934066186659038067e-04
1.275291549973189831e-03
6.905469927005469799e-04
8.625586633570492268e-04
9.441771544516086578e-04
7.754145772196352482e-04
8.652243413962423801e-04
8.002616232261061668e-04
6.590564735233783722e-04
8.643933688290417194e-04
6.247899145819246769e-04
8.514403598383069038e-04
1.180366729386150837e-03
7.774756522849202156e-04
1.169748837128281593e-03
1.465090201236307621e-03
5.707337404601275921e-04
9.003171580843627453e-04
5.343801458366215229e-04
7.310134242288768291e-04
1.069771358743309975e-03
6.273235776461660862e-04
7.387629011645913124e-04
7.673762156628072262e-04
8.295244770124554634e-04
7.707917247898876667e-04
8.090453920885920525e-04
1.383477007038891315e-03
1.015952439047396183e-03
1.033502863720059395e-03
6.698200595565140247e-04
7.442175410687923431e-04
8.888182346709072590e-04
7.452965364791452885e-04
8.258097223006188869e-04
6.644973182119429111e-04
7.845462532714009285e-04
7.028286927379667759e-04
1.197122037410736084e-03
7.859983597882091999e-04
6.852098158560693264e-04
9.492732933722436428e-04
7.431462290696799755e-04
8.552631479687988758e-04
6.830225465819239616e-04
6.886867922730743885e-04
8.230726234614849091e-04
7.462896173819899559e-04
7.233045180328190327e-04
6.722335820086300373e-04
6.965497159399092197e-04
6.856116815470159054e-04
8.462631376460194588e-04
8.808978600427508354e-04
8.877981454133987427e-04
8.765797247178852558e-04
8.243671036325395107e-04
7.261706632561981678e-04
8.220317540690302849e-04
9.444824536330997944e-04
8.645384805276989937e-04
7.848579552955925465e-04
7.787175709381699562e-04
8.045513532124459743e-04
5.818632198497653008e-04
5.961120477877557278e-04
6.002153968438506126e-04
6.487375940196216106e-04
6.077588186599314213e-04
7.543108076788485050e-04
8.403832325711846352e-04
7.460481720045208931e-04
8.829484577290713787e-04
6.838152767159044743e-04
6.983468192629516125e-04
7.823352352716028690e-04
5.449097370728850365e-04
8.147173211909830570e-04
8.154875249601900578e-04
7.667771424166858196e-04
1.127665629610419273e-03
5.648623337037861347e-04
5.296111339703202248e-04
8.178260759450495243e-04
8.396752527914941311e-04
7.129097939468920231e-04
6.540259346365928650e-04
6.531710969284176826e-04
6.719898083247244358e-04
7.060027564875781536e-04
1.772125950083136559e-03
1.304470933973789215e-03
9.721188107505440712e-04
1.058602589182555676e-03
7.806044886820018291e-04
7.017220486886799335e-04
6.977222510613501072e-04
7.843201165087521076e-04
5.835284828208386898e-04
9.886518819257616997e-04
8.104125736281275749e-04
9.136403095908463001e-04
8.046565344557166100e-04
6.600921624340116978e-04
8.965999586507678032e-04
9.837311226874589920e-04
7.486066897399723530e-04
7.606136496178805828e-04
7.344036130234599113e-04
9.017788688652217388e-04
1.011741696856915951e-03
7.265371386893093586e-04
6.465552723966538906e-04
9.886024054139852524e-04
1.022333279252052307e-03
5.761623033322393894e-04
9.707221179269254208e-04
1.379849039949476719e-03
6.261998787522315979e-04
6.441505975089967251e-04
1.178271137177944183e-03
9.590821573510766029e-04
7.349955849349498749e-04
7.200765539892017841e-04
1.050327788107097149e-03
7.543062092736363411e-04
9.347379091195762157e-04
1.096889027394354343e-03
7.902165525592863560e-04
7.980067166499793530e-04
7.131094462238252163e-04
9.099198505282402039e-04
7.638236857019364834e-04
5.513264914043247700e-04
8.483942947350442410e-04
1.479165395721793175e-03
6.394141237251460552e-04
9.465268230997025967e-04
9.984489297494292259e-04
1.080047921277582645e-03
7.296535768546164036e-04
5.943659343756735325e-04
6.398684927262365818e-04
8.199994335882365704e-04
8.372861775569617748e-04
6.692954921163618565e-04
9.066949714906513691e-04
7.233432261273264885e-04
9.425577009096741676e-04
7.382894982583820820e-04
6.369826151058077812e-04
7.508732378482818604e-04
8.964011212810873985e-04
7.139877416193485260e-04
6.497423164546489716e-04
7.425159565173089504e-04
6.797505193389952183e-04
6.725474377162754536e-04
8.011736790649592876e-04
7.885812083259224892e-04
9.147498058155179024e-04
6.239622598513960838e-04
6.165724480524659157e-04
6.708420696668326855e-04
5.925377481617033482e-04
7.106720586307346821e-04
2.583810361102223396e-03
8.623938192613422871e-04
1.135151600465178490e-03
6.200961070135235786e-04
1.077403896488249302e-03
8.829372236505150795e-04
1.211669412441551685e-03
8.242139010690152645e-04
6.737734074704349041e-04
5.828461726196110249e-04
9.349872125312685966e-04
6.090212264098227024e-04
8.433267357759177685e-04
7.595990900881588459e-04
1.045642071403563023e-03
1.030760467983782291e-03
6.214397726580500603e-04
5.464284331537783146e-04
1.074379426427185535e-03
1.166883623227477074e-03
9.805355221033096313e-04
9.186639217659831047e-04
8.487711893394589424e-04
6.279879598878324032e-04
9.364020661450922489e-04
8.780929492786526680e-04
7.951404550112783909e-04
7.587677100673317909e-04
9.041601442731916904e-04
8.935626246966421604e-04
6.262798560783267021e-04
7.255403324961662292e-04
6.543478812091052532e-04
7.954604225233197212e-04
6.621782667934894562e-04
7.079612114466726780e-04
8.988074841909110546e-04
7.136048516258597374e-04
5.896982038393616676e-04
5.627018399536609650e-04
6.945497589185833931e-04
5.455721984617412090e-04
9.955000132322311401e-04
8.023622212931513786e-04
7.057849434204399586e-04
7.992839673534035683e-04
6.864498136565089226e-04
7.133394828997552395e-04
7.416381267830729485e-04
6.391343777067959309e-04
5.504246801137924194e-04
8.149483473971486092e-04
8.876483771018683910e-04
6.727705476805567741e-04
6.192643195390701294e-04
7.330391672439873219e-04
6.866048788651823997e-04
8.923116838559508324e-04
6.142802885733544827e-04
4.782889445777982473e-04
5.821814993396401405e-04
6.592994905076920986e-04
8.629612275399267673e-04
7.484444649890065193e-04
7.396913715638220310e-04
7.744232425466179848e-04
5.166167393326759338e-04
6.897788261994719505e-04
5.421968526206910610e-04
7.519816863350570202e-04
8.302317000925540924e-04
5.990461795590817928e-04
7.541722734458744526e-04
8.223765180446207523e-04
6.368725444190204144e-04
5.691091646440327168e-04
7.089641876518726349e-04
9.365797741338610649e-04
7.054317975416779518e-04
6.197818438522517681e-04
6.570070399902760983e-04
4.776800924446433783e-04
6.121242768131196499e-04
6.329159368760883808e-04
6.738724187016487122e-04
9.466377669014036655e-04
5.169086507521569729e-04
6.221355870366096497e-04
8.884295239113271236e-04
8.109473856166005135e-04
7.807476213201880455e-04
5.449310992844402790e-04
5.067316233180463314e-04
6.905994378030300140e-04
5.807412671856582165e-04
5.960500566288828850e-04
5.237308796495199203e-04
6.530639948323369026e-04
6.035127444192767143e-04
5.570155917666852474e-04
7.878957549110054970e-04
6.089689559303224087e-04
6.419038400053977966e-04
7.795740966685116291e-04
5.870727472938597202e-04
6.914525292813777924e-04
5.735438317060470581e-04
9.288223809562623501e-04
8.188654901459813118e-04
7.401407347060739994e-04
8.118731202557682991e-04
6.501945317722856998e-04
7.964932592585682869e-04
7.350360974669456482e-04
9.194684098474681377e-04
5.450385506264865398e-04
5.587904597632586956e-04
6.071965326555073261e-04
5.328826955519616604e-04
6.067499634809792042e-04
1.251031761057674885e-03
1.298652729019522667e-03
7.139998488128185272e-04
8.270068792626261711e-04
7.213222561404109001e-04
1.844561309553682804e-03
9.869845816865563393e-04
8.213451365008950233e-04
6.904932088218629360e-04
7.065138197503983974e-04
5.305222584865987301e-04
8.965837187133729458e-04
7.704857853241264820e-04
6.038911524228751659e-04
5.906143342144787312e-04
5.093684303574264050e-04
8.843256509862840176e-04
8.250768296420574188e-04
1.073424005880951881e-03
9.473738609813153744e-04
5.421532550826668739e-04
5.144304595887660980e-04
8.595110848546028137e-04
8.251690887846052647e-04
7.362147443927824497e-04
7.758421706967055798e-04
5.643764161504805088e-04
6.205874378792941570e-04
6.039243307895958424e-04
6.601846544072031975e-04
7.114186882972717285e-04
6.723760743625462055e-04
7.721286383457481861e-04
6.714090704917907715e-04
7.174052298069000244e-04
5.827018758282065392e-04
5.461553810164332390e-04
5.407092394307255745e-04
5.268052336759865284e-04
7.491622236557304859e-04
7.751540397293865681e-04
7.037920295260846615e-04
6.211498985067009926e-04
8.831262239255011082e-04
6.048953509889543056e-04
1.909442478790879250e-03
5.023193662054836750e-04
6.115583819337189198e-04
9.783310815691947937e-04
8.029397577047348022e-04
5.864574341103434563e-04
6.255867774598300457e-04
7.196512306109070778e-04
5.821442464366555214e-04
7.592184701934456825e-04
8.525644661858677864e-04
7.218169630505144596e-04
6.130466936156153679e-04
6.565101793967187405e-04
7.856311276555061340e-04
7.088737911544740200e-04
1.149622024968266487e-03
6.755684153176844120e-04
1.956580206751823425e-03
6.731149624101817608e-04
6.752685294486582279e-04
7.603618432767689228e-04
6.624670932069420815e-04
7.210592739284038544e-04
6.228835554793477058e-04
1.110154553316533566e-03
1.544035156257450581e-03
7.111819577403366566e-04
8.092996431514620781e-04
8.368922281078994274e-04
8.767566760070621967e-04
8.015026105567812920e-04
5.294921575114130974e-04
7.723612943664193153e-04
7.480772910639643669e-04
1.006008940748870373e-03
6.537222070619463921e-04
7.647951715625822544e-04
1.046545570716261864e-03
4.993792972527444363e-04
5.792798474431037903e-04
9.101278847083449364e-04
6.349144387058913708e-04
6.090342067182064056e-04
6.673290045000612736e-04
6.690082373097538948e-04
4.797400906682014465e-04
6.373347714543342590e-04
5.609241197817027569e-04
9.822974679991602898e-04
8.083321736194193363e-04
6.685819826088845730e-04
5.967519828118383884e-04
7.321915472857654095e-04
7.400875911116600037e-04
6.035527912899851799e-04
7.466108654625713825e-04
6.285432609729468822e-04
1.251913257874548435e-03
8.693836862221360207e-04
5.294319125823676586e-04
7.572863833047449589e-04
6.724518607370555401e-04
6.807341123931109905e-04
5.229950184002518654e-04
6.090634851716458797e-04
5.448241136036813259e-04
5.351233412511646748e-04
7.899880292825400829e-04
7.698406698182225227e-04
6.585441878996789455e-04
6.230511935427784920e-04
6.757694645784795284e-04
5.312435096129775047e-04
5.586657789535820484e-04
5.728971445932984352e-04
6.082671461626887321e-04
6.097150617279112339e-04
6.994958966970443726e-04
1.001004246063530445e-03
6.974485004320740700e-04
8.111043134704232216e-04
6.427696789614856243e-04
4.974509356543421745e-04
7.990853046067059040e-04
6.770637701265513897e-04
6.663172389380633831e-04
8.452632464468479156e-04
6.405911990441381931e-04
1.051054336130619049e-03
5.206377827562391758e-04
8.354528108611702919e-04
8.062142296694219112e-04
9.290697635151445866e-04
1.068408018909394741e-03
4.890574491582810879e-04
7.893809233792126179e-04
7.946077384985983372e-04
9.095465647988021374e-04
9.150262922048568726e-04
7.303786114789545536e-04
7.501545478589832783e-04
6.679223151877522469e-04
6.204044329933822155e-04
7.378198788501322269e-04
7.148556760512292385e-04
5.774028250016272068e-04
6.425577448680996895e-04
6.040105945430696011e-04
5.757235339842736721e-04
5.257704178802669048e-04
6.443985621444880962e-04
5.681695765815675259e-04
4.914187011308968067e-04
6.097392761148512363e-04
7.358536822721362114e-04
7.251343340612947941e-04
6.201160140335559845e-04
5.611945525743067265e-04
6.234604516066610813e-04
8.163767633959650993e-04
6.814993103034794331e-04
5.890344036743044853e-04
1.049131271429359913e-03
5.734809092245995998e-04
4.804631171282380819e-04
5.475966609083116055e-04
7.064262172207236290e-04
5.984430899843573570e-04
7.443985086865723133e-04
8.129428024403750896e-04
5.445726565085351467e-04
7.271734066307544708e-04
6.055702688172459602e-04
6.156630697660148144e-04
5.817418568767607212e-04
6.383368163369596004e-04
6.448628264479339123e-04
5.562141304835677147e-04
1.224613399244844913e-03
7.919869967736303806e-04
7.727253250777721405e-04
7.066819816827774048e-04
6.075591081753373146e-04
7.051927386783063412e-04
8.435399504378437996e-04
5.722125060856342316e-04
8.297955500893294811e-04
4.906992544420063496e-04
6.698427605442702770e-04
6.691171438433229923e-04
5.598606658168137074e-04
7.664551376365125179e-04
8.090370101854205132e-04
1.290711923502385616e-03
7.656321977265179157e-04
6.914961850270628929e-04
6.797926616854965687e-04
7.327750208787620068e-04
7.755918777547776699e-04
6.900137523189187050e-04
5.535775562748312950e-04
7.419142639264464378e-04
6.898459396325051785e-04
6.721700192429125309e-04
5.960559356026351452e-04
6.836337852291762829e-04
1.208645408041775227e-03
7.941128569655120373e-04
7.722458685748279095e-04
5.471730255521833897e-04
5.086144665256142616e-04
6.050888332538306713e-04
6.744815618731081486e-04
5.037637311033904552e-04
8.469347958452999592e-04
6.571586127392947674e-04
7.106638513505458832e-04
7.826434448361396790e-04
6.086310022510588169e-04
7.979669026099145412e-04
6.475616246461868286e-04
6.764216232113540173e-04
6.888277712278068066e-04
7.576531497761607170e-04
7.930324645712971687e-04
9.251492447219789028e-04
7.444199873134493828e-04
6.260726950131356716e-04
7.366587524302303791e-04
7.190686883404850960e-04
8.150963694788515568e-04
7.626645965501666069e-04
5.137042608112096786e-04
6.364437867887318134e-04
6.585553637705743313e-04
6.220297655090689659e-04
6.231254665181040764e-04
3.843537415377795696e-04
5.684794741682708263e-04
5.949228070676326752e-04
6.923189503140747547e-04
1.093421597033739090e-03
5.490960320457816124e-04
7.074791938066482544e-04
7.452198187820613384e-04
6.268784636631608009e-04
8.100534905679523945e-04
1.090939389541745186e-03
5.766198155470192432e-04
5.494404467754065990e-04
6.696669152006506920e-04
8.894499624148011208e-04
5.006543942727148533e-04
5.812914459966123104e-04
6.798850954510271549e-04
7.283622398972511292e-04
7.359178853221237659e-04
1.395065221004188061e-03
8.014129125513136387e-04
8.231304818764328957e-04
6.840505520813167095e-04
7.574047776870429516e-04
7.063745870254933834e-04
5.912713822908699512e-04
7.996335043571889400e-04
4.428347165230661631e-04
5.415816558524966240e-04
8.521624258719384670e-04
5.357283516786992550e-04
8.048142190091311932e-04
7.339305011555552483e-04
6.972769624553620815e-04
6.814013468101620674e-04
6.412686198018491268e-04
7.589862798340618610e-04
5.886120488867163658e-04
5.266834632493555546e-04
7.058904739096760750e-04
5.948602920398116112e-04
5.815474432893097401e-04
6.203964585438370705e-04
7.286517648026347160e-04
5.559375276789069176e-04
8.158434065990149975e-04
6.193650770001113415e-04
5.289078690111637115e-04
4.627743910532444715e-04
7.327414932660758495e-04
6.413392839021980762e-04
6.061434978619217873e-04
5.718249012716114521e-04
4.691642534453421831e-04
4.509330901782959700e-04
5.808062851428985596e-04
5.723921349272131920e-04
5.931726773269474506e-04
6.504282937385141850e-04
7.685411837883293629e-04
5.148470518179237843e-04
6.321951514109969139e-04
4.740480799227952957e-04
5.628690123558044434e-04
6.890056538395583630e-04
6.276327185332775116e-04
2.356796059757471085e-03
6.577606545761227608e-04
5.708797252736985683e-04
5.194229888729751110e-04
5.499224644154310226e-04
6.795210647396743298e-04
6.073968834243714809e-04
6.291618919931352139e-04
5.490520852617919445e-04
7.242607534863054752e-04
5.961669376119971275e-04
1.337857102043926716e-03
5.899977986700832844e-04
4.546086711343377829e-04
6.565105868503451347e-04
8.421939564868807793e-04
6.319950916804373264e-04
5.977210821583867073e-04
8.069616160355508327e-04
4.386585787869989872e-04
5.077328532934188843e-04
5.186085472814738750e-04
6.875271210446953773e-04
9.191894787363708019e-04
5.937931709922850132e-04
5.493626231327652931e-04
8.883103728294372559e-04
5.182898021303117275e-04
6.008791388012468815e-04
1.026421552523970604e-03
7.302619633264839649e-04
7.671816856600344181e-04
6.695395568385720253e-04
6.188103579916059971e-04
7.664659642614424229e-04
8.091998170129954815e-04
6.441097939386963844e-04
7.666588644497096539e-04
6.962998886592686176e-04
1.047558384016156197e-03
6.980555481277406216e-04
5.264008068479597569e-04
5.570334033109247684e-04
1.240123878233134747e-03
9.475308470427989960e-04
9.206154500134289265e-04
5.812409217469394207e-04
6.464723264798521996e-04
6.695374031551182270e-04
6.312567857094109058e-04
6.903860485181212425e-04
5.608991486951708794e-04
7.293359958566725254e-04
1.017538597807288170e-03
7.043392397463321686e-04
6.038364954292774200e-04
6.074273260310292244e-04
7.008538232184946537e-04
1.236700103618204594e-03
5.219693412072956562e-04
4.806718789041042328e-04
6.429243949241936207e-04
6.933771655894815922e-04
6.536856526508927345e-04
6.265239208005368710e-04
5.120002315379679203e-04
5.224613123573362827e-04
6.879796856082975864e-04
6.972036208026111126e-04
5.300709162838757038e-04
5.226957728154957294e-04
5.252402042970061302e-04
9.580440819263458252e-04
7.114518084563314915e-04
7.229521870613098145e-04
5.928623722866177559e-04
7.091079023666679859e-04
7.680132403038442135e-04
6.039741565473377705e-04
1.103521906770765781e-03
5.919360555708408356e-04
5.849514272995293140e-04
7.067284313961863518e-04
8.447080035693943501e-04
6.804941222071647644e-04
5.285266088321805000e-04
4.984426777809858322e-04
4.976853379048407078e-04
6.484532495960593224e-04
5.608909996226429939e-04
5.839897203259170055e-04
5.683553172275424004e-04
6.586783565580844879e-04
5.254998686723411083e-04
5.498673999682068825e-04
7.208035676740109921e-04
4.753188113681972027e-04
6.225287797860801220e-04
7.234222139231860638e-04
5.353852175176143646e-04
6.759075331501662731e-04
4.340180603321641684e-04
5.407476564869284630e-04
5.334468442015349865e-04
5.446642753668129444e-04
9.954994311556220055e-04
6.579718319699168205e-04
6.121402839198708534e-04
5.744264344684779644e-04
5.783094675280153751e-04
4.905525711365044117e-04
4.916490288451313972e-04
8.518942049704492092e-04
5.551269277930259705e-04
6.370394839905202389e-04
4.994725459255278111e-04
8.154789102263748646e-04
