3.181354701519012451e-01
2.908537685871124268e-01
2.661669254302978516e-01
2.599157392978668213e-01
2.286195755004882812e-01
2.215795218944549561e-01
1.944841295480728149e-01
1.857202500104904175e-01
1.676926463842391968e-01
1.594460308551788330e-01
1.440175920724868774e-01
1.305408924818038940e-01
1.201750710606575012e-01
1.091198250651359558e-01
1.026701927185058594e-01
9.421618282794952393e-02
8.694256097078323364e-02
7.750171422958374023e-02
7.239402085542678833e-02
6.555084884166717529e-02
6.049243733286857605e-02
5.618374422192573547e-02
4.902905225753784180e-02
4.459005594253540039e-02
4.370647668838500977e-02
3.791587427258491516e-02
3.479603305459022522e-02
2.908991090953350067e-02
2.971971035003662109e-02
2.561507746577262878e-02
2.406080253422260284e-02
2.199951000511646271e-02
1.914895698428153992e-02
1.970393024384975433e-02
1.747986301779747009e-02
1.674979180097579956e-02
1.405025366693735123e-02
1.408279128372669220e-02
1.440101582556962967e-02
1.194775942713022232e-02
1.233606506139039993e-02
1.127558108419179916e-02
1.002124231308698654e-02
1.101957075297832489e-02
8.912855759263038635e-03
9.261068888008594513e-03
9.371912106871604919e-03
9.811650030314922333e-03
8.425629697740077972e-03
8.105670101940631866e-03
8.101250976324081421e-03
7.361687254160642624e-03
7.693362422287464142e-03
6.677550263702869415e-03
7.350258529186248779e-03
7.136241067200899124e-03
6.644684821367263794e-03
6.503120996057987213e-03
6.493608932942152023e-03
6.769117433577775955e-03
6.865977309644222260e-03
6.320067681372165680e-03
5.424070172011852264e-03
5.842896644026041031e-03
4.949377384036779404e-03
5.126731935888528824e-03
5.049158819019794464e-03
6.169848609715700150e-03
4.588710609823465347e-03
4.410707391798496246e-03
4.358397331088781357e-03
5.426975432783365250e-03
4.795231390744447708e-03
5.384004674851894379e-03
4.015411250293254852e-03
4.274911712855100632e-03
5.209598690271377563e-03
4.580620676279067993e-03
4.513256251811981201e-03
4.511582199484109879e-03
3.619477385655045509e-03
4.339622799307107925e-03
3.781462321057915688e-03
3.999364562332630157e-03
3.974303137511014938e-03
3.560097189620137215e-03
3.270475426688790321e-03
3.624257864430546761e-03
3.907028120011091232e-03
4.002670757472515106e-03
4.909893032163381577e-03
3.586196573451161385e-03
3.855874529108405113e-03
3.141391789540648460e-03
3.304467070847749710e-03
3.860957920551300049e-03
3.259991062805056572e-03
2.984255785122513771e-03
4.447990097105503082e-03
2.834513550624251366e-03
2.798031317070126534e-03
3.031407250091433525e-03
5.141149740666151047e-03
3.803886007517576218e-03
2.872407669201493263e-03
3.130058059468865395e-03
3.368237987160682678e-03
3.358679590746760368e-03
2.753205597400665283e-03
4.448487889021635056e-03
2.951160073280334473e-03
3.231675596907734871e-03
2.681468846276402473e-03
3.691023215651512146e-03
2.236322034150362015e-03
2.961616730317473412e-03
2.295968821272253990e-03
3.274576971307396889e-03
2.326542977243661880e-03
2.308844355866312981e-03
3.063842654228210449e-03
2.607258036732673645e-03
4.914636723697185516e-03
2.606592606753110886e-03
2.552414080128073692e-03
2.816350897774100304e-03
2.265723189339041710e-03
2.512856852263212204e-03
2.538907807320356369e-03
2.388580935075879097e-03
2.256538020446896553e-03
2.562131034210324287e-03
2.384936204180121422e-03
3.042758908122777939e-03
2.084121806547045708e-03
3.448276547715067863e-03
2.899047220125794411e-03
2.203101990744471550e-03
3.139937529340386391e-03
2.820087829604744911e-03
3.232046728953719139e-03
2.727284329012036324e-03
2.085417509078979492e-03
2.269942080602049828e-03
2.331270137801766396e-03
2.129708882421255112e-03
1.813453272916376591e-03
1.950714620761573315e-03
2.837710315361618996e-03
1.976665342226624489e-03
2.056447323411703110e-03
2.099948003888130188e-03
2.120064571499824524e-03
1.960795605555176735e-03
2.001783344894647598e-03
3.055692883208394051e-03
1.974627375602722168e-03
3.453517332673072815e-03
1.921669463627040386e-03
1.769020920619368553e-03
1.870175125077366829e-03
1.926206867210566998e-03
2.608791459351778030e-03
2.374455798417329788e-03
2.359312260523438454e-03
1.725948997773230076e-03
2.054141135886311531e-03
2.088248496875166893e-03
2.033638535067439079e-03
4.071797244250774384e-03
2.027051057666540146e-03
2.160116797313094139e-03
2.603230997920036316e-03
2.098843920975923538e-03
2.120467368513345718e-03
2.139169955626130104e-03
2.161096315830945969e-03
2.665163250640034676e-03
2.221822040155529976e-03
1.946008997038006783e-03
4.356724210083484650e-03
2.191664883866906166e-03
3.012860426679253578e-03
1.730374060571193695e-03
1.787613495253026485e-03
2.091843634843826294e-03
2.885525347664952278e-03
2.437321469187736511e-03
1.839491887949407101e-03
2.011626958847045898e-03
1.570280641317367554e-03
1.969090895727276802e-03
2.010468160733580589e-03
1.885202946141362190e-03
1.682480797171592712e-03
1.673167571425437927e-03
1.788070192560553551e-03
1.561514218337833881e-03
1.488198526203632355e-03
1.910377992317080498e-03
1.706842682324349880e-03
1.539280056022107601e-03
1.828884473070502281e-03
1.771937939338386059e-03
1.522001228295266628e-03
2.052659634500741959e-03
1.498686848208308220e-03
1.389762386679649353e-03
1.498715835623443127e-03
1.879819785244762897e-03
1.960973720997571945e-03
1.522826729342341423e-03
1.401490648277103901e-03
1.428768620826303959e-03
2.886690897867083549e-03
1.997032435610890388e-03
1.485687680542469025e-03
2.196749439463019371e-03
1.496440498158335686e-03
1.378970569930970669e-03
1.654532388783991337e-03
1.293321023695170879e-03
1.316148554906249046e-03
1.748864888213574886e-03
1.576933311298489571e-03
1.483499072492122650e-03
1.251822919584810734e-03
2.258353633806109428e-03
1.794041018001735210e-03
1.408762065693736076e-03
1.300578238442540169e-03
1.346875913441181183e-03
3.554888768121600151e-03
1.550563029013574123e-03
2.066156361252069473e-03
1.141608110629022121e-03
1.353675499558448792e-03
2.012073528021574020e-03
1.665840507484972477e-03
1.309880986809730530e-03
1.986107556149363518e-03
1.497036893852055073e-03
1.903426833450794220e-03
1.225988147780299187e-03
1.662517548538744450e-03
1.703500864095985889e-03
2.257577842101454735e-03
1.920165494084358215e-03
1.455376972444355488e-03
1.588060404174029827e-03
1.248524291440844536e-03
1.791924587450921535e-03
1.613399130292236805e-03
1.210002345032989979e-03
1.259498298168182373e-03
1.344706630334258080e-03
1.310135354287922382e-03
2.150111598894000053e-03
1.411938108503818512e-03
1.112724887207150459e-03
1.091617741622030735e-03
1.685361261479556561e-03
1.326164929196238518e-03
1.420544809661805630e-03
1.303522498346865177e-03
1.667556120082736015e-03
1.427567563951015472e-03
1.240940531715750694e-03
1.351558254100382328e-03
1.772227929905056953e-03
1.420350628904998302e-03
1.564169651828706264e-03
1.853324356488883495e-03
1.412864774465560913e-03
1.279187737964093685e-03
2.279108390212059021e-03
1.335731358267366886e-03
1.775423996150493622e-03
1.156043144874274731e-03
1.965824980288743973e-03
1.580284093506634235e-03
1.998009160161018372e-03
1.338196336291730404e-03
1.327226753346621990e-03
1.117638079449534416e-03
1.813091686926782131e-03
1.442026230506598949e-03
1.306305290199816227e-03
1.201072591356933117e-03
1.459951396100223064e-03
1.137894229032099247e-03
1.942385802976787090e-03
1.921863178722560406e-03
1.585512189194560051e-03
1.621985225938260555e-03
1.356943277642130852e-03
1.352980500087141991e-03
1.307765371166169643e-03
2.366336761042475700e-03
1.230124384164810181e-03
3.332227934151887894e-03
1.595176872797310352e-03
1.669163582846522331e-03
1.924471580423414707e-03
1.174066914245486259e-03
1.183448592200875282e-03
1.272012479603290558e-03
1.201622188091278076e-03
1.446780865080654621e-03
2.048625377938151360e-03
1.167344045825302601e-03
1.213905634358525276e-03
1.467050751671195030e-03
1.145400223322212696e-03
1.295377267524600029e-03
1.771550858393311501e-03
1.561284065246582031e-03
1.283916993997991085e-03
1.148158451542258263e-03
1.714072073809802532e-03
1.693660509772598743e-03
1.241028425283730030e-03
1.035224646329879761e-03
1.420723507180809975e-03
1.281271921470761299e-03
1.215853728353977203e-03
1.216552336700260639e-03
1.370239770039916039e-03
1.449353061616420746e-03
1.301232725381851196e-03
1.164755201898515224e-03
1.057788031175732613e-03
1.391677418723702431e-03
1.748578972183167934e-03
1.504891202785074711e-03
1.264361082576215267e-03
1.146431080996990204e-03
2.889445517212152481e-03
9.843809530138969421e-04
1.134739257395267487e-03
1.256646588444709778e-03
1.201735925860702991e-03
2.476373454555869102e-03
1.080445596016943455e-03
1.699305023066699505e-03
1.169626833871006966e-03
1.017946749925613403e-03
1.237674732692539692e-03
2.077357145026326180e-03
1.108759664930403233e-03
1.160147599875926971e-03
1.670541008934378624e-03
1.013315515592694283e-03
9.083512122742831707e-04
1.926303957588970661e-03
1.324774464592337608e-03
1.116459141485393047e-03
1.149558462202548981e-03
1.384100993163883686e-03
1.207928755320608616e-03
2.213007304817438126e-03
1.678046421147882938e-03
9.594371658749878407e-04
1.671170815825462341e-03
1.122006331570446491e-03
1.477764570154249668e-03
1.241104444488883018e-03
1.232141628861427307e-03
1.213476760312914848e-03
8.341173524968326092e-04
1.234462368302047253e-03
1.460071420297026634e-03
1.822404563426971436e-03
9.716872009448707104e-04
1.188688329420983791e-03
1.046868972480297089e-03
1.089172088541090488e-03
1.392130390740931034e-03
1.408725976943969727e-03
9.794872021302580833e-04
1.569442683830857277e-03
2.547145355492830276e-03
8.582170121371746063e-04
9.550352697260677814e-04
1.559768919833004475e-03
1.056308276019990444e-03
1.826214953325688839e-03
1.114022918045520782e-03
1.076542539522051811e-03
1.567127765156328678e-03
1.549873268231749535e-03
1.520177698694169521e-03
1.231618458405137062e-03
1.086099189706146717e-03
1.670100376941263676e-03
1.022997545078396797e-03
1.011034357361495495e-03
1.291310647502541542e-03
1.232842798344790936e-03
1.044608885422348976e-03
1.306300866417586803e-03
1.171117881312966347e-03
2.129807602614164352e-03
1.032906700856983662e-03
1.272444380447268486e-03
1.348035642877221107e-03
1.240779645740985870e-03
1.782271428965032101e-03
1.115069491788744926e-03
1.177843660116195679e-03
9.408364421688020229e-04
2.323031192645430565e-03
1.365542644634842873e-03
8.037468069233000278e-04
9.209692361764609814e-04
1.259813783690333366e-03
1.374802784994244576e-03
1.649243524298071861e-03
9.743968839757144451e-04
7.681552669964730740e-04
9.449102799408137798e-04
9.573906427249312401e-04
9.947206126525998116e-04
1.963841030374169350e-03
8.935775258578360081e-04
1.159948646090924740e-03
1.137754879891872406e-03
8.889006567187607288e-04
1.919489353895187378e-03
1.050732913427054882e-03
1.011475338600575924e-03
3.460746491327881813e-03
1.109139993786811829e-03
1.084085437469184399e-03
9.537668083794414997e-04
1.045750803314149380e-03
1.875698333606123924e-03
1.007408834993839264e-03
2.078493824228644371e-03
8.352005970664322376e-04
1.083621522411704063e-03
1.244779676198959351e-03
1.809993875212967396e-03
1.643626368604600430e-03
9.705516276881098747e-04
1.094839768484234810e-03
8.246536017395555973e-04
8.057482773438096046e-04
9.387630270794034004e-04
1.084568095393478870e-03
9.512535179965198040e-04
9.562171180732548237e-04
1.076828804798424244e-03
1.115752267651259899e-03
8.346221293322741985e-04
8.959723636507987976e-04
1.155257341451942921e-03
1.069413148798048496e-03
9.664529934525489807e-04
8.655752753838896751e-04
9.679576032795011997e-04
1.319023082032799721e-03
8.653582190163433552e-04
1.013613422401249409e-03
9.205698152072727680e-04
9.674682514742016792e-04
1.343993237242102623e-03
9.415099630132317543e-04
1.639526919461786747e-03
7.841473561711609364e-04
1.191468909382820129e-03
1.001960714347660542e-03
9.425049647688865662e-04
1.191959483548998833e-03
1.266823499463498592e-03
1.385973417200148106e-03
1.426001894287765026e-03
1.217205077409744263e-03
1.059167436324059963e-03
1.031613326631486416e-03
9.695909684523940086e-04
2.991438610479235649e-03
1.261180150322616100e-03
7.862409693188965321e-04
1.427505514584481716e-03
1.093869446776807308e-03
9.921642486006021500e-04
8.599723805673420429e-04
9.965187637135386467e-04
1.103155314922332764e-03
8.490965701639652252e-04
9.112565894611179829e-04
1.471927389502525330e-03
9.024714236147701740e-04
9.104310884140431881e-04
1.309164217673242092e-03
1.515023293904960155e-03
1.017940114252269268e-03
1.143338391557335854e-03
1.008765306323766708e-03
1.031589577905833721e-03
9.163197828456759453e-04
1.387644559144973755e-03
7.963866810314357281e-04
8.216442656703293324e-04
8.936272352002561092e-04
7.951218285597860813e-04
1.180743682198226452e-03
1.978059532120823860e-03
7.487713592126965523e-04
1.471424475312232971e-03
9.402756695635616779e-04
9.985466022044420242e-04
1.377556473016738892e-03
1.033722306601703167e-03
9.751577745191752911e-04
8.331108256243169308e-04
8.742879726924002171e-04
9.500346495769917965e-04
1.093345112167298794e-03
1.583967008627951145e-03
1.155908452346920967e-03
1.021656673401594162e-03
9.287754655815660954e-04
1.592889195308089256e-03
8.606092305853962898e-04
9.531328687444329262e-04
1.192794879898428917e-03
1.205901382490992546e-03
7.930050487630069256e-04
1.086841686628758907e-03
6.809346377849578857e-04
1.024423050694167614e-03
7.944791577756404877e-04
1.032572006806731224e-03
9.895332623273134232e-04
1.013015746138989925e-03
8.636318380013108253e-04
2.011575736105442047e-03
9.283201070502400398e-04
1.742266351357102394e-03
7.775663980282843113e-04
9.217002661898732185e-04
1.048191334120929241e-03
8.542506257072091103e-04
9.621871868148446083e-04
1.291920663788914680e-03
8.582529262639582157e-04
1.045543584041297436e-03
1.001091673970222473e-03
8.694609277881681919e-04
1.101716537959873676e-03
9.328928426839411259e-04
8.499693940393626690e-04
8.011587196961045265e-04
9.428375633433461189e-04
1.373649807646870613e-03
9.658117778599262238e-04
8.840091177262365818e-04
1.442280830815434456e-03
1.097285654395818710e-03
8.976423414424061775e-04
1.006724196486175060e-03
8.238409063778817654e-04
6.909643416292965412e-04
7.011829875409603119e-04
1.483478932641446590e-03
1.848846557550132275e-03
9.327355073764920235e-04
1.274572103284299374e-03
7.384482887573540211e-04
1.099040498957037926e-03
7.450325647369027138e-04
1.269755885004997253e-03
7.899632328189909458e-04
9.558718302287161350e-04
9.409948834218084812e-04
8.821697556413710117e-04
1.451250282116234303e-03
9.014219976961612701e-04
1.120188157074153423e-03
9.253345779143273830e-04
7.716360269114375114e-04
1.096921158023178577e-03
7.827169029042124748e-04
6.852950900793075562e-04
7.196656079031527042e-04
6.783016142435371876e-04
7.652567583136260509e-04
1.168283633887767792e-03
1.142237684689462185e-03
8.010035380721092224e-04
6.985782529227435589e-04
1.185009954497218132e-03
1.124549307860434055e-03
7.646675803698599339e-04
8.341227076016366482e-04
8.139751153066754341e-04
8.222520700655877590e-04
8.144564926624298096e-04
7.384970667771995068e-04
1.050196238793432713e-03
6.850778008811175823e-04
7.898652693256735802e-04
6.707134307362139225e-04
1.542327343486249447e-03
8.050571777857840061e-04
8.645514608360826969e-04
7.896531606093049049e-04
7.292160880751907825e-04
7.253219955600798130e-04
1.193756121210753918e-03
1.797539531253278255e-03
9.853898081928491592e-04
1.018907874822616577e-03
1.035729539580643177e-03
6.440448341891169548e-04
8.510356419719755650e-04
8.673878037370741367e-04
8.681151084601879120e-04
8.834869950078427792e-04
1.224905950948596001e-03
6.933101103641092777e-04
1.233617076650261879e-03
9.332717163488268852e-04
6.762584671378135681e-04
9.429460042156279087e-04
2.201264025643467903e-03
6.530687096528708935e-04
1.172932563349604607e-03
9.572433191351592541e-04
9.868738707154989243e-04
8.605699404142796993e-04
1.064747921191155910e-03
1.066789031028747559e-03
1.271912595257163048e-03
1.243725419044494629e-03
1.393924350850284100e-03
1.387367025017738342e-03
8.462417172268033028e-04
1.093865139409899712e-03
7.507600821554660797e-04
8.499979740008711815e-04
8.945862064138054848e-04
1.084182644262909889e-03
9.604389779269695282e-04
8.380088256672024727e-04
7.937107002362608910e-04
8.040950633585453033e-04
1.104928320273756981e-03
9.281099191866815090e-04
9.375834488309919834e-04
9.475045953877270222e-04
9.085006895475089550e-04
7.120752125047147274e-04
7.715588435530662537e-04
9.979440364986658096e-04
1.139154308475553989e-03
1.161645399406552315e-03
8.065087604336440563e-04
1.156943151727318764e-03
8.804006502032279968e-04
1.738039893098175526e-03
9.838890982791781425e-04
6.835175445303320885e-04
9.706577984616160393e-04
1.041890936903655529e-03
6.219413480721414089e-04
9.755972423590719700e-04
2.005418995395302773e-03
7.205398869700729847e-04
8.032140322029590607e-04
6.756590446457266808e-04
1.217754557728767395e-03
9.390364284627139568e-04
8.154506795108318329e-04
8.055396610870957375e-04
7.318557472899556160e-04
1.679179957136511803e-03
1.030238228850066662e-03
8.546407916583120823e-04
8.891271427273750305e-04
8.989126654341816902e-04
1.182742067612707615e-03
9.795360965654253960e-04
8.848505094647407532e-04
1.798297162167727947e-03
1.411562203429639339e-03
8.396698394790291786e-04
8.056266233325004578e-04
8.215717389248311520e-04
1.088444492779672146e-03
1.056440407410264015e-03
7.799412705935537815e-04
8.908172021619975567e-04
7.445667870342731476e-04
1.097563887014985085e-03
2.040313556790351868e-03
1.068993238732218742e-03
6.915098638273775578e-04
1.588737592101097107e-03
8.523614378646016121e-04
9.812287753447890282e-04
1.313622808083891869e-03
8.017424843274056911e-04
1.148234354332089424e-03
1.340505317784845829e-03
1.589989522472023964e-03
7.610585889779031277e-04
1.579737174324691296e-03
5.633860128000378609e-04
5.999702261760830879e-04
1.208351575769484043e-03
9.489060030318796635e-04
6.930959061719477177e-04
9.481692104600369930e-04
7.652159547433257103e-04
9.113106061704456806e-04
7.474829326383769512e-04
1.007884624414145947e-03
8.832974708639085293e-04
7.524861721321940422e-04
9.161155903711915016e-04
8.530454360879957676e-04
9.942214237526059151e-04
9.243708336725831032e-04
9.892262751236557961e-04
6.841827416792511940e-04
1.079399487935006618e-03
7.691427017562091351e-04
9.470650111325085163e-04
6.020908476784825325e-04
6.450400687754154205e-04
8.250097162090241909e-04
6.255403277464210987e-04
8.879711967892944813e-04
7.902312790974974632e-04
9.834871161729097366e-04
7.804830675013363361e-04
1.143304631114006042e-03
1.048943260684609413e-03
8.088510367088019848e-04
7.432199781760573387e-04
6.816835375502705574e-04
7.552486495114862919e-04
7.563497056253254414e-04
7.048603729344904423e-04
7.985908887349069118e-04
6.211894215084612370e-04
6.233453750610351562e-04
6.827653269283473492e-04
1.069182530045509338e-03
8.823323296383023262e-04
7.026941748335957527e-04
7.270079804584383965e-04
7.033437723293900490e-04
9.680792572908103466e-04
7.305017788894474506e-04
8.597690030001103878e-04
6.054918048903346062e-04
8.039960521273314953e-04
1.831121044233441353e-03
6.331903277896344662e-04
7.405382930301129818e-04
7.800475577823817730e-04
9.197192266583442688e-04
9.304351406171917915e-04
1.046028686687350273e-03
8.558601839467883110e-04
7.148907752707600594e-04
9.608460823073983192e-04
9.856263641268014908e-04
8.416431373916566372e-04
1.007651793770492077e-03
7.566599524579942226e-04
6.214774912223219872e-04
1.139454427175223827e-03
1.004735706374049187e-03
7.973500760272145271e-04
6.792141939513385296e-04
1.100590219721198082e-03
8.231931715272367001e-04
1.870634965598583221e-03
9.858101839199662209e-04
7.322541205212473869e-04
9.134716237895190716e-04
7.447145180776715279e-04
1.117368345148861408e-03
8.373323944397270679e-04
1.006026403047144413e-03
7.840596954338252544e-04
7.480165222659707069e-04
8.400343358516693115e-04
1.718357554636895657e-03
7.581997779197990894e-04
9.959553135558962822e-04
7.386581855826079845e-04
7.226036977954208851e-04
7.148409495130181313e-04
6.174483569338917732e-04
1.168735907413065434e-03
9.654111345298588276e-04
6.743037374690175056e-04
6.993838469497859478e-04
1.339123933576047421e-03
8.154647075571119785e-04
6.562513881362974644e-04
6.338926032185554504e-04
6.605888484045863152e-04
6.805923185311257839e-04
1.237687887623906136e-03
7.182081462815403938e-04
8.122764411382377148e-04
1.177138299681246281e-03
8.629882358945906162e-04
6.030934746377170086e-04
8.500771946273744106e-04
8.203225443139672279e-04
5.823159590363502502e-04
7.657899404875934124e-04
6.629643612541258335e-04
1.028629834763705730e-03
7.053777226246893406e-04
8.013475453481078148e-04
9.291930473409593105e-04
6.101593025960028172e-04
6.286418065428733826e-04
7.930675637908279896e-04
8.178903954103589058e-04
1.196852535940706730e-03
8.462126716040074825e-04
8.055652142502367496e-04
1.252246205694973469e-03
8.352170698344707489e-04
8.552008657716214657e-04
1.036838279105722904e-03
9.591189445927739143e-04
8.329684496857225895e-04
1.054271939210593700e-03
6.343616987578570843e-04
8.050642209127545357e-04
5.803185631521046162e-04
7.718080305494368076e-04
6.074308184906840324e-04
5.970915663056075573e-04
5.331517895683646202e-04
7.584298145957291126e-04
2.734862500801682472e-03
2.002046909183263779e-03
7.915886817499995232e-04
6.911871023476123810e-04
1.274175941944122314e-03
8.036351646296679974e-04
7.482449291273951530e-04
8.844798430800437927e-04
6.894656689837574959e-04
6.180180353112518787e-04
9.217635961249470711e-04
7.880250923335552216e-04
9.761064429767429829e-04
9.714051266200840473e-04
9.115847642533481121e-04
6.192846922203898430e-04
1.110102050006389618e-03
8.004751871339976788e-04
9.573790594004094601e-04
6.533903069794178009e-04
7.151984027586877346e-04
7.738916319794952869e-04
6.868139607831835747e-04
6.853634258732199669e-04
1.024178112857043743e-03
1.338182133622467518e-03
7.257215911522507668e-04
7.185711292549967766e-04
9.230042924173176289e-04
8.917758241295814514e-04
9.742500842548906803e-04
7.077603368088603020e-04
6.388204055838286877e-04
6.268126307986676693e-04
5.511062336154282093e-04
8.977763354778289795e-04
9.813454234972596169e-04
8.306867093779146671e-04
1.189323025755584240e-03
9.809860493987798691e-04
7.523782551288604736e-04
6.530015380121767521e-04
7.136733038350939751e-04
8.855555206537246704e-04
8.770530112087726593e-04
1.143560046330094337e-03
6.957139121368527412e-04
6.741302786394953728e-04
7.263516890816390514e-04
8.610454970039427280e-04
1.026258803904056549e-03
8.567480253987014294e-04
6.167491665109992027e-04
6.741812103427946568e-04
6.055243429727852345e-04
8.147630142048001289e-04
6.311225588433444500e-04
1.131035038270056248e-03
6.749364547431468964e-04
8.227475918829441071e-04
5.788821727037429810e-04
1.156981801614165306e-03
9.488010546192526817e-04
5.495336954481899738e-04
1.093430561013519764e-03
7.379260496236383915e-04
1.066353754140436649e-03
7.381252944469451904e-04
7.308837957680225372e-04
7.300816359929740429e-04
9.488033829256892204e-04
7.069721468724310398e-04
8.258349844254553318e-04
8.927989401854574680e-04
7.986780838109552860e-04
7.923045777715742588e-04
1.048692269250750542e-03
6.272135651670396328e-04
8.409096626564860344e-04
6.946417270228266716e-04
2.128517953678965569e-03
6.267297430895268917e-04
7.479127380065619946e-04
1.166934147477149963e-03
6.950879469513893127e-04
6.444197497330605984e-04
6.722552934661507607e-04
8.017605869099497795e-04
5.780888022854924202e-04
7.747989147901535034e-04
7.332953391596674919e-04
5.453181220218539238e-04
7.543229148723185062e-04
6.654273020103573799e-04
6.648388807661831379e-04
6.240086513571441174e-04
6.676275515928864479e-04
7.031910936348140240e-04
1.050724880769848824e-03
7.684746524319052696e-04
6.204265519045293331e-04
7.904393714852631092e-04
6.797862006351351738e-04
6.396764656528830528e-04
1.734751625917851925e-03
6.597382016479969025e-04
8.536467212252318859e-04
6.755003705620765686e-04
5.595302209258079529e-04
8.503993158228695393e-04
8.317448082379996777e-04
9.670806466601788998e-04
8.961465209722518921e-04
6.320274551399052143e-04
6.278842338360846043e-04
9.443698218092322350e-04
5.744872614741325378e-04
7.433008286170661449e-04
7.746772607788443565e-04
7.788835209794342518e-04
6.086576031520962715e-04
5.511349299922585487e-04
6.761979311704635620e-04
1.026417710818350315e-03
8.322739740833640099e-04
6.326604052446782589e-04
7.098751957528293133e-04
1.549352076835930347e-03
6.029549404047429562e-04
9.641443029977381229e-04
8.380112121812999249e-04
9.842738509178161621e-04
5.906146834604442120e-04
7.278067059814929962e-04
6.480928859673440456e-04
6.836730171926319599e-04
8.043173002079129219e-04
7.990940357558429241e-04
7.705362513661384583e-04
6.134559516794979572e-04
7.888548425398766994e-04
7.398800225928425789e-04
8.318257168866693974e-04
8.033428457565605640e-04
5.943645955994725227e-04
7.141809328459203243e-04
7.571764290332794189e-04
7.008346728980541229e-04
8.296270971186459064e-04
9.411624050699174404e-04
7.212478667497634888e-04
7.647096063010394573e-04
6.664484972134232521e-04
6.206535617820918560e-04
8.981124265119433403e-04
6.509825470857322216e-04
6.891225348226726055e-04
7.438879110850393772e-04
7.384470663964748383e-04
5.106719909235835075e-04
5.082030547782778740e-04
7.393644191324710846e-04
7.078909547999501228e-04
7.170495809987187386e-04
5.716577870771288872e-04
5.726221716031432152e-04
2.164713107049465179e-03
5.522883147932589054e-04
7.305311155505478382e-04
6.114735151641070843e-04
5.488721071742475033e-04
7.180944085121154785e-04
6.068959482945501804e-04
9.692080202512443066e-04
6.916057900525629520e-04
5.557842669077217579e-04
8.871016907505691051e-04
6.741723627783358097e-04
7.506542024202644825e-04
9.266674751415848732e-04
6.731355679221451283e-04
8.688964881002902985e-04
6.635662866756320000e-04
7.829830865375697613e-04
7.480908534489572048e-04
6.662269006483256817e-04
7.386607467196881771e-04
6.608449039049446583e-04
1.156884361989796162e-03
5.607861676253378391e-04
1.215832075104117393e-03
6.673081661574542522e-04
5.925115547142922878e-04
6.396434037014842033e-04
6.761806434951722622e-04
6.998372846283018589e-04
7.823049090802669525e-04
8.189263753592967987e-04
8.905463037081062794e-04
7.280489080585539341e-04
7.769305957481265068e-04
4.926018882542848587e-04
9.553137351758778095e-04
7.300917059183120728e-04
6.438667769543826580e-04
5.986802279949188232e-04
5.789747810922563076e-04
8.431379101239144802e-04
7.013636059127748013e-04
5.444390117190778255e-04
8.147171465680003166e-04
9.758124942891299725e-04
6.940909661352634430e-04
7.097468478605151176e-04
5.427162395790219307e-04
8.949674083851277828e-04
7.225532317534089088e-04
8.035319042392075062e-04
5.343998200260102749e-04
6.911736563779413700e-04
5.892316694371402264e-04
5.830368027091026306e-04
6.324247224256396294e-04
5.362778902053833008e-04
8.742483914829790592e-04
8.158550481311976910e-04
1.690463046543300152e-03
9.106674115173518658e-04
6.162569625303149223e-04
1.017296453937888145e-03
6.140124751254916191e-04
1.352410763502120972e-03
8.092032512649893761e-04
8.737138123251497746e-04
1.339605776593089104e-03
7.567394641228020191e-04
6.022114539518952370e-04
5.651561659760773182e-04
1.375562394969165325e-03
7.130439626052975655e-04
8.354778983630239964e-04
1.120782340876758099e-03
8.210210944525897503e-04
7.145119016058743000e-04
7.193415076471865177e-04
7.305703475140035152e-04
7.469477131962776184e-04
7.552247261628508568e-04
6.650707800872623920e-04
8.301521884277462959e-04
4.714256501756608486e-04
6.165780941955745220e-04
7.647949969395995140e-04
6.846247124485671520e-04
6.254753679968416691e-04
5.703018396161496639e-04
5.482547567225992680e-04
9.452897356823086739e-04
5.766474641859531403e-04
5.536428070627152920e-04
5.451779579743742943e-04
6.404101732186973095e-04
9.305109269917011261e-04
6.522171897813677788e-04
7.022711797617375851e-04
5.855572526343166828e-04
5.763064255006611347e-04
7.061476935632526875e-04
9.605725063011050224e-04
7.839808240532875061e-04
6.585269002243876457e-04
6.248193676583468914e-04
8.098754915408790112e-04
8.034784113988280296e-04
6.820201524533331394e-04
7.793550612404942513e-04
6.970411050133407116e-04
8.451738976873457432e-04
5.633467808365821838e-04
8.879015222191810608e-04
5.425194394774734974e-04
5.976533866487443447e-04
9.893111418932676315e-04
7.921429933048784733e-04
6.315588834695518017e-04
9.470250806771218777e-04
8.380448562093079090e-04
6.626248941756784916e-04
9.216979960910975933e-04
5.721335182897746563e-04
7.973251049406826496e-04
6.557240267284214497e-04
5.300217890180647373e-04
8.808372658677399158e-04
5.636898567900061607e-04
6.037791608832776546e-04
6.468650535680353642e-04
7.929750136099755764e-04
8.406652486883103848e-04
8.357704500667750835e-04
7.659713737666606903e-04
7.880088523961603642e-04
6.874598329886794090e-04
6.043276516720652580e-04
6.717635551467537880e-04
4.650795890484005213e-04
8.866823045536875725e-04
5.292681162245571613e-04
6.998181925155222416e-04
6.372837233357131481e-04
4.374856071081012487e-04
7.113634492270648479e-04
6.562988273799419403e-04
6.020391592755913734e-04
5.582525627687573433e-04
6.862345035187900066e-04
7.538479403592646122e-04
7.997776265256106853e-04
6.916363490745425224e-04
5.695166764780879021e-04
6.576944724656641483e-04
6.109440582804381847e-04
8.365942048840224743e-04
8.857292705215513706e-04
6.892260280437767506e-04
6.587330135516822338e-04
6.565743824467062950e-04
5.443474510684609413e-04
5.958089022897183895e-04
9.626758401282131672e-04
5.361780640669167042e-04
5.264555802568793297e-04
5.980917485430836678e-04
7.218025275506079197e-04
6.245800177566707134e-04
5.795220495201647282e-04
5.465244175866246223e-04
7.833074196241796017e-04
7.222589338198304176e-04
7.689507910981774330e-04
1.158850151114165783e-03
6.292329053394496441e-04
7.335249101743102074e-04
5.299688782542943954e-04
9.136439184658229351e-04
6.840894930064678192e-04
5.180885200388729572e-04
6.137174786999821663e-04
5.612611421383917332e-04
1.025572651997208595e-03
5.076678935438394547e-04
7.423936622217297554e-04
5.717557505704462528e-04
1.568019273690879345e-03
6.900437874719500542e-04
8.387404377572238445e-04
1.216300413943827152e-03
5.197964492253959179e-04
5.336364265531301498e-04
6.088631926104426384e-04
7.133831968531012535e-04
6.684227846562862396e-04
6.529826787300407887e-04
6.211493164300918579e-04
6.249410798773169518e-04
6.049774819985032082e-04
5.986544420011341572e-04
1.016269321553409100e-03
9.897840209305286407e-04
7.343540200963616371e-04
5.778603372164070606e-04
1.112249097786843777e-03
5.717622116208076477e-04
4.783414187841117382e-04
4.940758226439356804e-04
6.510066450573503971e-04
4.441156634129583836e-04
5.344637902453541756e-04
6.913819233886897564e-04
5.493019707500934601e-04
5.476100486703217030e-04
5.210692761465907097e-04
6.511054816655814648e-04
5.260576726868748665e-04
6.452958332374691963e-04
8.307082462124526501e-04
6.077562575228512287e-04
5.912646302022039890e-04
5.252588889561593533e-04
1.080144429579377174e-03
5.298035102896392345e-04
7.853955612517893314e-04
7.014017319306731224e-04
5.471668555401265621e-04
5.434203776530921459e-04
6.243166862986981869e-04
5.194797413423657417e-04
1.022460754029452801e-03
5.868972511962056160e-04
5.508033791556954384e-04
4.939513746649026871e-04
6.370116025209426880e-04
6.099836900830268860e-04
5.358812632039189339e-04
4.778187721967697144e-04
5.689099198207259178e-04
6.679241778329014778e-04
5.736598395742475986e-04
5.718663451261818409e-04
6.581078050658106804e-04
6.370698101818561554e-04
4.885772941634058952e-04
6.098971352912485600e-04
4.687594773713499308e-04
4.175751819275319576e-04
7.114583277143537998e-04
6.276887143030762672e-04
5.177426501177251339e-04
6.167836836539208889e-04
5.824237014167010784e-04
5.297554307617247105e-04
7.877058233134448528e-04
4.240347479935735464e-04
6.980309262871742249e-04
6.831036880612373352e-04
5.762310465797781944e-04
6.652809679508209229e-04
4.520656366366893053e-04
6.134774303063750267e-04
5.604139296337962151e-04
5.394975887611508369e-04
1.311453874222934246e-03
4.366898792795836926e-04
8.834371110424399376e-04
1.170794130302965641e-03
5.541181890293955803e-04
5.968004115857183933e-04
4.933904856443405151e-04
7.386538782157003880e-04
4.845705407205969095e-04
5.814966862089931965e-04
7.006520172581076622e-04
6.215627072378993034e-04
6.775309448130428791e-04
7.255647215060889721e-04
5.625378107652068138e-04
4.675344389397650957e-04
5.050171748735010624e-04
6.707658176310360432e-04
5.141426809132099152e-04
5.136117106303572655e-04
4.778870206791907549e-04
7.110267761163413525e-04
5.175787373445928097e-04
8.435625932179391384e-04
7.377265719696879387e-04
8.490897598676383495e-04
9.109889506362378597e-04
6.125970394350588322e-04
5.587314371950924397e-04
5.276305601000785828e-04
6.869178032502532005e-04
1.292266999371349812e-03
9.808110771700739861e-04
7.129689329303801060e-04
6.709737936034798622e-04
5.656229332089424133e-04
5.377567140385508537e-04
4.428735992405563593e-04
5.876725772395730019e-04
8.300198242068290710e-04
5.013528279960155487e-04
9.624115773476660252e-04
5.522857536561787128e-04
9.428700432181358337e-04
4.828995733987540007e-04
8.519271505065262318e-04
4.615562793333083391e-04
7.933850283734500408e-04
7.062286022119224072e-04
6.299511296674609184e-04
1.121264300309121609e-03
5.945890443399548531e-04
4.871106357313692570e-04
5.709698307327926159e-04
7.589130545966327190e-04
7.659939001314342022e-04
6.928917136974632740e-04
5.728206015191972256e-04
6.086387438699603081e-04
6.037316052243113518e-04
7.295966497622430325e-04
6.236835033632814884e-04
4.477996553760021925e-04
5.788301932625472546e-04
6.138161988928914070e-04
7.421058835461735725e-04
4.624002613127231598e-04
5.441965768113732338e-04
6.207622936926782131e-04
1.091436133719980717e-03
6.212487933225929737e-04
4.742527962662279606e-04
1.009374973364174366e-03
6.047800416126847267e-04
6.251992308534681797e-04
6.312849000096321106e-04
6.496767746284604073e-04
7.060169591568410397e-04
5.889934254810214043e-04
9.079031879082322121e-04
8.386289700865745544e-04
7.056234753690660000e-04
7.198873790912330151e-04
7.316060946322977543e-04
6.207505357451736927e-04
8.606435148976743221e-04
6.669317372143268585e-04
8.670671959407627583e-04
7.355271955020725727e-04
5.714023718610405922e-04
5.587289924733340740e-04
4.624731955118477345e-04
6.751795881427824497e-04
6.457392009906470776e-04
4.253262595739215612e-04
4.349793307483196259e-04
5.000358796678483486e-04
2.014042111113667488e-03
7.533864700235426426e-04
1.087858923710882664e-03
6.073843105696141720e-04
4.278281412553042173e-04
6.984540377743542194e-04
4.494132299441844225e-04
8.659103768877685070e-04
6.796401576139032841e-04
5.134956445544958115e-04
5.374367465265095234e-04
4.835893050767481327e-04
7.993797189556062222e-04
6.216719630174338818e-04
4.614812205545604229e-04
4.002575296908617020e-04
5.920453113503754139e-04
6.972579867579042912e-04
4.739086725749075413e-04
7.762390887364745140e-04
5.075443186797201633e-04
6.944855558685958385e-04
6.376093951985239983e-04
6.427959306165575981e-04
4.516647313721477985e-04
7.245169836096465588e-04
4.814749991055577993e-04
6.189682753756642342e-04
5.519891856238245964e-04
5.883512785658240318e-04
4.770652740262448788e-04
5.640878225676715374e-04
4.977859207428991795e-04
4.840744077228009701e-04
5.810999427922070026e-04
5.723022040911018848e-04
7.743277819827198982e-04
4.973635659553110600e-04
6.114090210758149624e-04
6.833067163825035095e-04
5.341862561181187630e-04
5.439115921035408974e-04
5.831679445691406727e-04
6.219130591489374638e-04
7.178749074228107929e-04
5.956743261776864529e-04
4.433894646354019642e-04
5.593271343968808651e-04
5.891845212318003178e-04
7.441383204422891140e-04
6.854877574369311333e-04
9.300632518716156483e-04
6.174133741296827793e-04
5.434795166365802288e-04
4.311288648750633001e-04
8.596637053415179253e-04
5.901806871406733990e-04
5.292794085107743740e-04
7.537757046520709991e-04
4.928538692183792591e-04
5.662095500156283379e-04
4.655536613427102566e-04
1.167200505733489990e-03
5.144376191310584545e-04
5.335044697858393192e-04
5.165706970728933811e-04
5.727332900278270245e-04
4.723150923382490873e-04
6.642424268648028374e-04
7.808837108314037323e-04
4.937730263918638229e-04
5.475388607010245323e-04
5.446898867376148701e-04
5.709229153580963612e-04
5.741997738368809223e-04
5.282222991809248924e-04
1.914996886625885963e-03
1.004374236799776554e-03
4.037492326460778713e-04
6.794029031880199909e-04
5.604364559985697269e-04
9.171956917271018028e-04
6.972734117880463600e-04
1.091469544917345047e-03
9.297910728491842747e-04
6.364908767864108086e-04
4.251920909155160189e-04
5.886101280339062214e-04
6.365755689330399036e-04
5.216769641265273094e-04
5.791308358311653137e-04
8.020921377465128899e-04
7.210978656075894833e-04
5.698544555343687534e-04
5.249668611213564873e-04
8.065632428042590618e-04
4.045285168103873730e-04
4.748887440655380487e-04
5.061542033217847347e-04
5.282736383378505707e-04
6.637029000557959080e-04
6.504110060632228851e-04
8.160422439686954021e-04
5.569676286540925503e-04
5.587764899246394634e-04
5.091613857075572014e-04
1.925646443851292133e-03
4.429423133842647076e-04
1.396010629832744598e-03
6.339712417684495449e-04
5.490297335200011730e-04
5.076533416286110878e-04
5.537717952392995358e-04
7.657663081772625446e-04
5.687709199264645576e-04
5.464515415951609612e-04
5.083395517431199551e-04
5.750973941758275032e-04
3.721837711054831743e-04
7.556538330391049385e-04
4.485068784561008215e-04
5.178618594072759151e-04
7.505995454266667366e-04
4.911311552859842777e-04
6.868247874081134796e-04
6.398705882020294666e-04
4.056223260704427958e-04
7.744950125925242901e-04
4.775679844897240400e-04
4.665577143896371126e-04
7.789544179104268551e-04
4.870489065069705248e-04
6.878509302623569965e-04
9.121890761889517307e-04
4.888910916633903980e-04
7.858006283640861511e-04
5.167506751604378223e-04
4.403344355523586273e-04
6.323292618617415428e-04
9.904188336804509163e-04
6.038433639332652092e-04
6.232172599993646145e-04
4.792313848156481981e-04
1.160043990239500999e-03
4.267596814315766096e-04
8.649747469462454319e-04
5.127888871356844902e-04
4.495916364248842001e-04
6.420722929760813713e-04
4.614407080225646496e-04
5.593056557700037956e-04
4.821386246476322412e-04
7.532791350968182087e-04
6.729585002176463604e-04
7.332295062951743603e-04
4.913457087241113186e-04
6.113111157901585102e-04
5.060512339696288109e-04
5.828836583532392979e-04
7.946484838612377644e-04
6.467942730523645878e-04
5.912597989663481712e-04
5.141453002579510212e-04
6.814402295276522636e-04
4.294749523978680372e-04
5.137785337865352631e-04
6.558613968081772327e-04
4.360240709502249956e-04
5.667892401106655598e-04
5.253585404716432095e-04
4.803131450898945332e-04
5.790939321741461754e-04
1.258443342521786690e-03
8.296607993543148041e-04
4.510520957410335541e-04
6.118930759839713573e-04
6.614456651732325554e-04
5.653909756802022457e-04
9.124442585743963718e-04
4.743063182104378939e-04
6.194438901729881763e-04
4.432614950928837061e-04
5.067749298177659512e-04
5.114964442327618599e-04
4.388265369925647974e-04
5.743550136685371399e-04
6.363419815897941589e-04
4.746872291434556246e-04
7.054294692352414131e-04
8.339683408848941326e-04
5.143402959220111370e-04
5.411697784438729286e-04
4.649979528039693832e-04
4.555974155664443970e-04
4.526079283095896244e-04
6.010640645399689674e-04
4.166673752479255199e-04
5.697295418940484524e-04
4.030781856272369623e-04
4.777255526278167963e-04
5.322780925780534744e-04
5.849638255313038826e-04
4.657851532101631165e-04
6.584407528862357140e-04
5.509128677658736706e-04
6.823620642535388470e-04
7.305254111997783184e-04
4.066542605869472027e-04
5.231992108747363091e-04
5.264609935693442822e-04
7.110774167813360691e-04
5.993128870613873005e-04
4.204209835734218359e-04
6.955138524062931538e-04
5.787294358015060425e-04
8.139899000525474548e-04
8.555404492653906345e-04
4.765810735989362001e-04
7.864856743253767490e-04
4.659115802496671677e-04
5.977059481665492058e-04
4.662634164560586214e-04
4.352937976364046335e-04
6.865336326882243156e-04
7.567513384856283665e-04
4.058401100337505341e-04
5.835315096192061901e-04
5.678316811099648476e-04
5.478552775457501411e-04
4.382929764688014984e-04
5.317748291417956352e-04
4.156923678237944841e-04
5.615604459308087826e-04
7.895075832493603230e-04
8.119359263218939304e-04
5.482478300109505653e-04
6.446250481531023979e-04
5.370076396502554417e-04
5.642398027703166008e-04
6.284170667640864849e-04
5.250697140581905842e-04
4.891787539236247540e-04
5.356487818062305450e-04
4.713990783784538507e-04
5.634068511426448822e-04
6.068591610528528690e-04
6.544959614984691143e-04
4.596780054271221161e-04
4.277358821127563715e-04
5.594111280515789986e-04
4.994551418349146843e-04
4.848039825446903706e-04
9.056730195879936218e-04
5.841705133207142353e-04
5.771742435172200203e-04
5.481080152094364166e-04
5.640570307150483131e-04
1.140740932896733284e-03
4.631512856576591730e-04
5.404252442531287670e-04
5.057961679995059967e-04
4.676932585425674915e-04
7.836233125999569893e-04
1.100232591852545738e-03
5.263839848339557648e-04
7.379078888334333897e-04
6.444678292609751225e-04
1.168845337815582752e-03
1.573566114529967308e-03
6.098911981098353863e-04
4.392893170006573200e-04
6.342072738334536552e-04
6.036625127308070660e-04
7.222492131404578686e-04
4.665953456424176693e-04
4.771480744238942862e-04
4.305916372686624527e-04
5.348569829948246479e-04
4.675751551985740662e-04
7.271954673342406750e-04
4.475808527786284685e-04
5.136808031238615513e-04
4.469100385904312134e-04
4.790076636709272861e-04
6.744096172042191029e-04
4.878905019722878933e-04
6.588812102563679218e-04
4.569163138512521982e-04
6.450871005654335022e-04
6.406708853319287300e-04
4.927041591145098209e-04
4.527016135398298502e-04
6.304281996563076973e-04
4.424348589964210987e-04
6.892023957334458828e-04
7.318745483644306660e-04
5.068242317065596581e-04
6.252377061173319817e-04
5.753526347689330578e-04
4.697116091847419739e-04
7.808217196725308895e-04
5.226947250775992870e-04
1.036357949487864971e-03
4.055087629240006208e-04
4.523348470684140921e-04
4.829842946492135525e-04
7.751192315481603146e-04
5.916239460930228233e-04
5.372363375499844551e-04
5.578441778197884560e-04
3.916830755770206451e-04
4.090849251952022314e-04
6.251477752812206745e-04
5.540276761166751385e-04
5.240617902018129826e-04
6.354090874083340168e-04
7.000163313932716846e-04
5.480452091433107853e-04
5.110305501148104668e-04
6.164855440147221088e-04
6.010642973706126213e-04
5.427686264738440514e-04
7.553633186034858227e-04
5.378957721404731274e-04
5.045596044510602951e-04
7.229038747027516365e-04
5.379922222346067429e-04
4.088706918992102146e-04
5.298362229950726032e-04
5.906656733714044094e-04
4.672565846703946590e-04
6.066457135602831841e-04
5.175647092983126640e-04
5.951258353888988495e-04
5.017112125642597675e-04
6.279200315475463867e-04
4.565496637951582670e-04
5.325596430338919163e-04
4.920284845866262913e-04
4.745510523207485676e-04
5.707217496819794178e-04
5.161996814422309399e-04
5.082691204734146595e-04
5.741614149883389473e-04
6.961291655898094177e-04
5.930602783337235451e-04
1.631175749935209751e-03
5.167205817997455597e-04
6.155430455692112446e-04
4.451913700904697180e-04
4.079934733454138041e-04
7.410230464302003384e-04
4.888559342361986637e-04
4.479914787225425243e-04
4.571360477712005377e-04
5.499827675521373749e-04
5.075758090242743492e-04
3.849552012979984283e-04
5.045820726081728935e-04
4.955391050316393375e-04
5.455946666188538074e-04
5.275681614875793457e-04
4.213501524645835161e-04
4.214238724671304226e-04
4.850883560720831156e-04
4.447714309208095074e-04
4.860514018218964338e-04
4.275950777810066938e-04
4.383429768495261669e-04
3.944689233321696520e-04
1.001881668344140053e-03
9.046731865964829922e-04
5.915345973335206509e-04
4.845720250159502029e-04
6.525875651277601719e-04
6.103976047597825527e-04
7.592505426146090031e-04
5.614077672362327576e-04
6.078759324736893177e-04
6.181612261570990086e-04
5.671908147633075714e-04
4.270363424438983202e-04
5.405516712926328182e-04
7.190300966612994671e-04
6.095076096244156361e-04
8.150256471708416939e-04
8.327987743541598320e-04
5.182359018363058567e-04
4.824243369512259960e-04
6.859159329906105995e-04
5.143909947946667671e-04
3.900739829987287521e-04
7.744758040644228458e-04
5.202902830205857754e-04
8.586341864429414272e-04
6.065730121918022633e-04
7.831725524738430977e-04
7.146216812543570995e-04
7.465046946890652180e-04
1.042367075569927692e-03
6.151641136966645718e-04
6.666257395409047604e-04
6.458921125158667564e-04
5.702791386283934116e-04
7.235558005049824715e-04
4.469359118957072496e-04
4.937425255775451660e-04
5.201300373300909996e-04
4.909831914119422436e-04
4.674468946177512407e-04
7.009276887401938438e-04
7.825076463632285595e-04
4.146891296841204166e-04
5.661663017235696316e-04
4.895013989880681038e-04
4.644570290111005306e-04
3.802322025876492262e-04
4.761581367347389460e-04
1.625740551389753819e-03
5.507064634002745152e-04
4.192885535303503275e-04
5.472069024108350277e-04
5.341622163541615009e-04
3.903919714502990246e-04
5.146776093170046806e-04
4.745956102851778269e-04
4.522714880295097828e-04
5.364507669582962990e-04
4.348463553469628096e-04
4.141727404203265905e-04
6.271126912906765938e-04
4.921098006889224052e-04
4.515582113526761532e-04
4.018272738903760910e-04
4.568912845570594072e-04
4.080821818206459284e-04
7.711132057011127472e-04
4.499848000705242157e-04
4.665674932766705751e-04
6.583151407539844513e-04
6.219712086021900177e-04
4.547600983642041683e-04
4.695246170740574598e-04
4.401412443257868290e-04
7.362281321547925472e-04
6.462658056989312172e-04
5.472403718158602715e-04
4.160306707490235567e-04
4.282228765077888966e-04
5.905298166908323765e-04
4.791810933966189623e-04
4.729156789835542440e-04
4.313121607992798090e-04
4.236704844515770674e-04
5.882565747015178204e-04
7.277547265402972698e-04
5.704571376554667950e-04
7.761708111502230167e-04
4.637118254322558641e-04
4.164355923421680927e-04
6.215655594132840633e-04
6.462073652073740959e-04
5.559291457757353783e-04
4.176883958280086517e-04
5.127373733557760715e-04
6.753355264663696289e-04
4.279249696992337704e-04
5.587431369349360466e-04
4.732933884952217340e-04
5.521174171008169651e-04
6.421240395866334438e-04
4.209548060316592455e-04
8.704558713361620903e-04
4.293802776373922825e-04
4.596184007823467255e-04
4.032550496049225330e-04
5.559748969972133636e-04
4.763691686093807220e-04
5.393698811531066895e-04
4.612009797710925341e-04
4.250921483617275953e-04
5.314092268235981464e-04
6.332313641905784607e-04
4.200429830234497786e-04
5.346540128812193871e-04
3.982658381573855877e-04
4.160184471402317286e-04
6.374167860485613346e-04
6.842990405857563019e-04
7.155924104154109955e-04
5.088713369332253933e-04
4.237370158080011606e-04
6.067650974728167057e-04
5.959823611192405224e-04
4.749413928948342800e-04
4.003245558124035597e-04
5.871956236660480499e-04
4.297721316106617451e-04
4.610144533216953278e-04
5.036573274992406368e-04
5.070600891485810280e-04
4.835256549995392561e-04
4.603627312462776899e-04
4.463011573534458876e-04
7.111605955287814140e-04
4.609283641912043095e-04
4.437210154719650745e-04
5.557798431254923344e-04
5.978880217298865318e-04
5.699907196685671806e-04
7.611536420881748199e-04
5.249754758551716805e-04
4.920085775665938854e-04
4.925949615426361561e-04
6.738857482559978962e-04
5.398545763455331326e-04
5.032714689150452614e-04
6.139698089100420475e-04
4.610154428519308567e-04
5.162488669157028198e-04
7.110831211321055889e-04
5.024605779908597469e-04
4.662863793782889843e-04
4.597683437168598175e-04
5.109400372020900249e-04
4.382499027997255325e-04
6.877967389300465584e-04
7.418588502332568169e-04
6.947951624169945717e-04
9.180774213746190071e-04
8.274136926047503948e-04
6.340760737657546997e-04
3.591294516809284687e-04
4.898752667941153049e-04
3.988964599557220936e-04
1.264879712834954262e-03
4.541122470982372761e-04
4.685038875322788954e-04
4.607709706760942936e-04
4.688527842517942190e-04
5.177948041819036007e-04
4.644699220079928637e-04
6.168446852825582027e-04
5.369748105295002460e-04
4.075812466908246279e-04
5.952857318334281445e-04
6.469569052569568157e-04
6.190228159539401531e-04
6.099531310610473156e-04
4.563927941489964724e-04
5.242218030616641045e-04
4.883561050519347191e-04
4.499491478782147169e-04
8.185966289602220058e-04
4.737339331768453121e-04
6.138008902780711651e-04
4.978321376256644726e-04
5.205924971960484982e-04
6.090879323892295361e-04
4.254030063748359680e-04
7.699547568336129189e-04
5.187354399822652340e-04
4.774914996232837439e-04
4.616297956090420485e-04
4.033704753965139389e-04
4.894497105851769447e-04
7.350356318056583405e-04
6.717104697600007057e-04
3.662497620098292828e-04
6.016146508045494556e-04
5.866931169293820858e-04
6.798179820179939270e-04
4.295335966162383556e-04
5.525077576749026775e-04
6.665968685410916805e-04
5.232103867456316948e-04
4.228204779792577028e-04
5.792445736005902290e-04
6.257736240513622761e-04
4.675865056924521923e-04
2.028660615906119347e-03
6.608986295759677887e-04
8.500410476699471474e-04
7.143214461393654346e-04
5.211798124946653843e-04
4.028550465591251850e-04
5.507848691195249557e-04
5.107557517476379871e-04
6.491309031844139099e-04
6.654142052866518497e-04
4.335882549639791250e-04
4.284750029910355806e-04
7.659009424969553947e-04
4.436770977918058634e-04
4.420132027007639408e-04
5.689265090040862560e-04
5.479050450958311558e-04
3.745709545910358429e-04
3.737757506314665079e-04
5.402717506512999535e-04
4.902940127067267895e-04
5.033057532273232937e-04
4.576263600029051304e-04
5.789160495623946190e-04
5.385414115153253078e-04
4.458106122910976410e-04
4.310710937716066837e-04
4.007066017948091030e-04
5.254608695395290852e-04
3.494650009088218212e-04
4.714579263236373663e-04
5.262626800686120987e-04
3.801081329584121704e-04
3.713104524649679661e-04
6.413142546080052853e-04
4.764006298501044512e-04
5.856825155206024647e-04
3.536873846314847469e-04
9.358325623907148838e-04
5.015149945393204689e-04
4.397816373966634274e-04
5.189348594285547733e-04
5.649325321428477764e-04
5.310814594849944115e-04
8.717351593077182770e-04
